 0.010064s wall, 0.000000s user + 0.000000s system = 0.000000s CPU (n/a%)
That was analytic timing.
 0.340248s wall, 0.344000s user + 0.000000s system = 0.344000s CPU (101.1%)
That was almostExact timing.
 0.418741s wall, 0.422000s user + 0.000000s system = 0.422000s CPU (100.8%)
That was almostExact truncated timing.
 4.541117s wall, 4.531000s user + 0.000000s system = 4.531000s CPU (99.8%)
That was quadrature of interp timing.
 2.218966s wall, 1.484000s user + 0.734000s system = 2.218000s CPU (100.0%)
That was assembly time.
5582384
 4.469464s wall, 4.485000s user + 0.000000s system = 4.485000s CPU (100.3%)
That was fastGACalc timing. (100 runs)


 4.409349s wall, 4.406000s user + 0.000000s system = 4.406000s CPU (99.9%)
That was fastGACalcOffset timing. (100 runs)


       27.91615	4.87560	27.91615	4.87560	27.91615	4.87560	27.91615	4.87560	27.91615	4.87560	2791.61482	487.55974
       27.91615	4.87560	27.44919	4.71653	27.44919	4.71653	27.44919	4.71653	27.23351	4.64421	2723.33885	464.42960
       27.91615	4.87560	26.13996	4.26978	26.13996	4.26978	26.13996	4.26978	25.78534	4.15836	2578.20174	415.73907
       27.91615	4.87560	24.23362	3.61722	24.23362	3.61722	24.23362	3.61722	23.77505	3.48223	2375.72108	347.67636
       27.91615	4.87560	22.05146	2.86764	22.05146	2.86764	22.05146	2.86764	21.59666	2.74810	2159.70394	274.84996
       27.91615	4.87560	19.89638	2.12740	19.89638	2.12740	19.89638	2.12740	19.65153	2.08909	1964.24451	208.58514
       27.91615	4.87560	17.97829	1.52912	17.97829	1.52912	17.97829	1.52912	18.15700	1.61598	1813.56457	161.00272
       27.91615	4.87560	16.38673	1.21680	16.38673	1.21680	16.38673	1.21680	16.33074	1.22718	1634.94402	122.96903
       27.91615	4.87560	15.11345	1.02805	15.11345	1.02805	15.11345	1.02805	14.98454	1.01329	1498.40367	101.20120
       27.91615	4.87560	14.10030	0.89644	14.10030	0.89644	14.10030	0.89644	13.95313	0.88567	1394.00682	88.26356
       27.91615	4.87560	13.28096	0.79736	13.28096	0.79736	13.28096	0.79736	13.14002	0.78701	1313.18151	78.61532
       27.91615	4.87560	12.60159	0.71871	12.60159	0.71871	12.60159	0.71871	12.52199	0.72268	1251.78537	72.25720
       27.91615	4.87560	12.02450	0.65515	12.02450	0.65515	12.02450	0.65515	11.99026	0.66765	1198.38193	66.72961
       27.91615	4.87560	11.52457	0.60198	11.52457	0.60198	11.52457	0.60198	11.44186	0.60095	1144.60489	60.01539
       27.91615	4.87560	11.08492	0.55715	11.08492	0.55715	11.08492	0.55715	10.98158	0.54979	1098.42284	54.94063
       27.91615	4.87560	10.69371	0.51855	10.69371	0.51855	10.69371	0.51855	10.58958	0.51643	1058.58534	51.54035
       27.91615	4.87560	10.34232	0.48513	10.34232	0.48513	10.34232	0.48513	10.23615	0.48280	1024.15517	48.28998
       27.91615	4.87560	10.02422	0.45577	10.02422	0.45577	10.02422	0.45577	9.98075	0.47106	998.08191	46.90301
       27.91615	4.87560	9.73433	0.42973	9.73433	0.42973	9.73433	0.42973	9.67916	0.43634	967.30760	43.27469
       27.91615	4.87560	9.46865	0.40648	9.46865	0.40648	9.46865	0.40648	9.39942	0.40258	939.68783	40.13945
       27.91615	4.87560	9.22391	0.38595	9.22391	0.38595	9.22391	0.38595	9.14285	0.38315	914.23623	38.26724
       27.91615	4.87560	8.99747	0.36723	8.99747	0.36723	8.99747	0.36723	8.91116	0.36800	891.29759	36.78217
       27.91615	4.87560	8.78712	0.35023	8.78712	0.35023	8.78712	0.35023	8.70800	0.34749	870.92779	34.83723
       27.91615	4.87560	8.59102	0.33480	8.59102	0.33480	8.59102	0.33480	8.53642	0.34341	853.68606	34.38394
        0.00000	0.00000	0.00000	0.00000	0.00000	0.00000	0.00000	0.00000	2763.69867	482.68415	2763.69867	482.68415	2763.69867	482.68415
        0.00000	0.00000	0.00000	0.00000	0.30765	0.07328	0.30765	0.07328	2696.10534	459.78538	2695.89055	459.71307	2695.89055	459.71307
        0.00000	0.00000	0.00000	0.00000	0.51918	0.11348	0.51918	0.11348	2552.41641	411.58145	2552.06465	411.46928	2552.06465	411.46928
        0.00000	0.00000	0.00000	0.00000	0.73447	0.13894	0.73447	0.13894	2351.94605	344.19459	2351.49514	344.05915	2351.49514	344.05915
        0.00000	0.00000	0.00000	0.00000	0.79327	0.12366	0.79327	0.12366	2138.10729	272.10202	2137.66231	271.98232	2137.66231	271.98232
        0.00000	0.00000	0.00000	0.00000	0.42173	0.04990	0.42173	0.04990	1944.59300	206.49612	1944.35153	206.45775	1944.35153	206.45775
        0.00000	0.00000	0.00000	0.00000	0.70492	0.10434	0.70492	0.10434	1795.40763	159.38765	1795.59784	159.48336	1795.59784	159.48336
        0.00000	0.00000	0.00000	0.00000	0.22192	0.02839	0.22192	0.02839	1618.61335	121.74324	1618.55904	121.75283	1618.55904	121.75283
        0.00000	0.00000	0.00000	0.00000	0.24253	0.02448	0.24253	0.02448	1483.41916	100.18817	1483.29159	100.17315	1483.29159	100.17315
        0.00000	0.00000	0.00000	0.00000	0.31306	0.02992	0.31306	0.02992	1380.05381	87.37818	1379.90973	87.36715	1379.90973	87.36715
        0.00000	0.00000	0.00000	0.00000	0.30502	0.02642	0.30502	0.02642	1300.04156	77.82847	1299.90387	77.81851	1299.90387	77.81851
        0.00000	0.00000	0.00000	0.00000	0.24482	0.02144	0.24482	0.02144	1239.26344	71.53568	1239.18579	71.53849	1239.18579	71.53849
        0.00000	0.00000	0.00000	0.00000	0.33064	0.02633	0.33064	0.02633	1186.39188	66.06430	1186.36193	66.07489	1186.36193	66.07489
        0.00000	0.00000	0.00000	0.00000	0.17547	0.01445	0.17547	0.01445	1133.16309	59.41670	1133.08130	59.41341	1133.08130	59.41341
        0.00000	0.00000	0.00000	0.00000	0.21547	0.01517	0.21547	0.01517	1087.44133	54.39204	1087.33926	54.38349	1087.33926	54.38349
        0.00000	0.00000	0.00000	0.00000	0.25117	0.01939	0.25117	0.01939	1047.99587	51.02511	1047.89434	51.02210	1047.89434	51.02210
        0.00000	0.00000	0.00000	0.00000	0.25649	0.02174	0.25649	0.02174	1013.91908	47.80765	1013.81510	47.80485	1013.81510	47.80485
        0.00000	0.00000	0.00000	0.00000	0.40223	0.03153	0.40223	0.03153	988.10128	46.43399	988.06572	46.44943	988.06572	46.44943
        0.00000	0.00000	0.00000	0.00000	0.23280	0.01736	0.23280	0.01736	957.62888	42.83998	957.57539	42.84641	957.57539	42.84641
        0.00000	0.00000	0.00000	0.00000	0.12883	0.00786	0.12883	0.00786	930.28849	39.74052	930.21983	39.73297	930.21983	39.73297
        0.00000	0.00000	0.00000	0.00000	0.18000	0.01255	0.18000	0.01255	905.09343	37.88523	905.01388	37.88129	905.01388	37.88129
        0.00000	0.00000	0.00000	0.00000	0.24231	0.01930	0.24231	0.01930	882.38651	36.41535	882.30276	36.41509	882.30276	36.41509
        0.00000	0.00000	0.00000	0.00000	0.16039	0.01095	0.16039	0.01095	862.21988	34.49051	862.14182	34.48720	862.14182	34.48720
        0.00000	0.00000	0.00000	0.00000	0.27218	0.02208	0.27218	0.02208	845.14979	34.04236	845.09947	34.04977	845.09947	34.04977
 0.006083s wall, 0.000000s user + 0.000000s system = 0.000000s CPU (n/a%)
