 0.010245s wall, 0.000000s user + 0.000000s system = 0.000000s CPU (n/a%)
That was analytic timing.
 0.346947s wall, 0.359000s user + 0.000000s system = 0.359000s CPU (103.5%)
That was almostExact timing.
 0.438369s wall, 0.438000s user + 0.000000s system = 0.438000s CPU (99.9%)
That was almostExact truncated timing.
 4.473107s wall, 4.469000s user + 0.000000s system = 4.469000s CPU (99.9%)
That was quadrature of interp timing.
 1.979385s wall, 1.656000s user + 0.328000s system = 1.984000s CPU (100.2%)
That was assembly time.
5582384
 0.093727s wall, 0.094000s user + 0.000000s system = 0.094000s CPU (100.3%)
That was fastGACalc timing. (100 runs)


       27.91615	4.87560	27.91615	4.87560	27.91615	4.87560	27.91615	4.87560	27.91615	4.87560	27.91615	4.87560
       27.91615	4.87560	27.44919	4.71653	27.44919	4.71653	27.44919	4.71653	27.23351	4.64421	27.23339	4.64430
       27.91615	4.87560	26.13996	4.26978	26.13996	4.26978	26.13996	4.26978	25.78534	4.15836	25.78202	4.15739
       27.91615	4.87560	24.23362	3.61722	24.23362	3.61722	24.23362	3.61722	23.77505	3.48223	23.75721	3.47676
       27.91615	4.87560	22.05146	2.86764	22.05146	2.86764	22.05146	2.86764	21.59666	2.74810	21.59704	2.74850
       27.91615	4.87560	19.89638	2.12740	19.89638	2.12740	19.89638	2.12740	19.65153	2.08909	19.64245	2.08585
       27.91615	4.87560	17.97829	1.52912	17.97829	1.52912	17.97829	1.52912	18.15700	1.61598	18.13565	1.61003
       27.91615	4.87560	16.38673	1.21680	16.38673	1.21680	16.38673	1.21680	16.33074	1.22718	16.34944	1.22969
       27.91615	4.87560	15.11345	1.02805	15.11345	1.02805	15.11345	1.02805	14.98454	1.01329	14.98404	1.01201
       27.91615	4.87560	14.10030	0.89644	14.10030	0.89644	14.10030	0.89644	13.95313	0.88567	13.94007	0.88264
       27.91615	4.87560	13.28096	0.79736	13.28096	0.79736	13.28096	0.79736	13.14002	0.78701	13.13182	0.78615
       27.91615	4.87560	12.60159	0.71871	12.60159	0.71871	12.60159	0.71871	12.52199	0.72268	12.51785	0.72257
       27.91615	4.87560	12.02450	0.65515	12.02450	0.65515	12.02450	0.65515	11.99026	0.66765	11.98382	0.66730
       27.91615	4.87560	11.52457	0.60198	11.52457	0.60198	11.52457	0.60198	11.44186	0.60095	11.44605	0.60015
       27.91615	4.87560	11.08492	0.55715	11.08492	0.55715	11.08492	0.55715	10.98158	0.54979	10.98423	0.54941
       27.91615	4.87560	10.69371	0.51855	10.69371	0.51855	10.69371	0.51855	10.58958	0.51643	10.58585	0.51540
       27.91615	4.87560	10.34232	0.48513	10.34232	0.48513	10.34232	0.48513	10.23615	0.48280	10.24155	0.48290
       27.91615	4.87560	10.02422	0.45577	10.02422	0.45577	10.02422	0.45577	9.98075	0.47106	9.98082	0.46903
       27.91615	4.87560	9.73433	0.42973	9.73433	0.42973	9.73433	0.42973	9.67916	0.43634	9.67308	0.43275
       27.91615	4.87560	9.46865	0.40648	9.46865	0.40648	9.46865	0.40648	9.39942	0.40258	9.39688	0.40139
       27.91615	4.87560	9.22391	0.38595	9.22391	0.38595	9.22391	0.38595	9.14285	0.38315	9.14236	0.38267
       27.91615	4.87560	8.99747	0.36723	8.99747	0.36723	8.99747	0.36723	8.91116	0.36800	8.91298	0.36782
       27.91615	4.87560	8.78712	0.35023	8.78712	0.35023	8.78712	0.35023	8.70800	0.34749	8.70928	0.34837
       27.91615	4.87560	8.59102	0.33480	8.59102	0.33480	8.59102	0.33480	8.53642	0.34341	8.53686	0.34384
        0.00000	0.00000	0.00000	0.00000	0.00000	0.00000	0.00000	0.00000	0.00000	0.00000	0.00000	0.00000	0.00000	0.00000
        0.00000	0.00000	0.00000	0.00000	0.30765	0.07328	0.30765	0.07328	0.00868	0.00225	0.30768	0.07275	0.30768	0.07275
        0.00000	0.00000	0.00000	0.00000	0.51918	0.11348	0.51918	0.11348	0.01105	0.00174	0.52423	0.11405	0.52423	0.11405
        0.00000	0.00000	0.00000	0.00000	0.73447	0.13894	0.73447	0.13894	0.03477	0.00550	0.76696	0.14422	0.76696	0.14422
        0.00000	0.00000	0.00000	0.00000	0.79327	0.12366	0.79327	0.12366	0.01279	0.00171	0.79174	0.12290	0.79174	0.12290
        0.00000	0.00000	0.00000	0.00000	0.42173	0.04990	0.42173	0.04990	0.02691	0.00446	0.44355	0.05154	0.44355	0.05154
        0.00000	0.00000	0.00000	0.00000	0.70492	0.10434	0.70492	0.10434	0.05095	0.00693	0.66322	0.09741	0.66322	0.09741
        0.00000	0.00000	0.00000	0.00000	0.22192	0.02839	0.22192	0.02839	0.05330	0.00639	0.24079	0.03447	0.24079	0.03447
        0.00000	0.00000	0.00000	0.00000	0.24253	0.02448	0.24253	0.02448	0.02834	0.00357	0.23956	0.02091	0.23956	0.02091
        0.00000	0.00000	0.00000	0.00000	0.31306	0.02992	0.31306	0.02992	0.05677	0.00529	0.33783	0.02900	0.33783	0.02900
        0.00000	0.00000	0.00000	0.00000	0.30502	0.02642	0.30502	0.02642	0.04323	0.00398	0.32932	0.02721	0.32932	0.02721
        0.00000	0.00000	0.00000	0.00000	0.24482	0.02144	0.24482	0.02144	0.03925	0.00346	0.23830	0.01999	0.23830	0.01999
        0.00000	0.00000	0.00000	0.00000	0.33064	0.02633	0.33064	0.02633	0.07154	0.00553	0.32932	0.02622	0.32932	0.02622
        0.00000	0.00000	0.00000	0.00000	0.17547	0.01445	0.17547	0.01445	0.03947	0.00384	0.16873	0.01376	0.16873	0.01376
        0.00000	0.00000	0.00000	0.00000	0.21547	0.01517	0.21547	0.01517	0.03864	0.00268	0.19812	0.01282	0.19812	0.01282
        0.00000	0.00000	0.00000	0.00000	0.25117	0.01939	0.25117	0.01939	0.04749	0.00383	0.26152	0.02037	0.26152	0.02037
        0.00000	0.00000	0.00000	0.00000	0.25649	0.02174	0.25649	0.02174	0.03546	0.00272	0.23604	0.01941	0.23604	0.01941
        0.00000	0.00000	0.00000	0.00000	0.40223	0.03153	0.40223	0.03153	0.04679	0.00355	0.40040	0.03008	0.40040	0.03008
        0.00000	0.00000	0.00000	0.00000	0.23280	0.01736	0.23280	0.01736	0.09242	0.00526	0.21074	0.01676	0.21074	0.01676
        0.00000	0.00000	0.00000	0.00000	0.12883	0.00786	0.12883	0.00786	0.03614	0.00313	0.13094	0.00779	0.13094	0.00779
        0.00000	0.00000	0.00000	0.00000	0.18000	0.01255	0.18000	0.01255	0.03169	0.00332	0.18708	0.01295	0.18708	0.01295
        0.00000	0.00000	0.00000	0.00000	0.24231	0.01930	0.24231	0.01930	0.03818	0.00231	0.23199	0.01815	0.23199	0.01815
        0.00000	0.00000	0.00000	0.00000	0.16039	0.01095	0.16039	0.01095	0.03805	0.00311	0.16072	0.01134	0.16072	0.01134
        0.00000	0.00000	0.00000	0.00000	0.27218	0.02208	0.27218	0.02208	0.05187	0.00293	0.27926	0.02059	0.27926	0.02059
 0.005502s wall, 0.000000s user + 0.000000s system = 0.000000s CPU (n/a%)
