chebyshev interp, CPU Dense Matrix ;8;0.019;56799;17605.9;8; 0.707292;;0.666249;0.668746;0.674096;0.677217;0.672366;0.653949;0.615522;0.54762;0.641659;0.68225;0.694878;0.683022;0.671594;0.707292;0.69772;0.670477;0.697034;0.690951;0.697946;0.690985;
chebyshev interp, GPU Dense Matrix ;8;0.582;4.90546e+07;20.3854;8; 0.707292;;0.666249;0.668746;0.674096;0.677217;0.672366;0.653949;0.615522;0.54762;0.641659;0.68225;0.694878;0.683022;0.671594;0.707292;0.69772;0.670477;0.697034;0.690951;0.697946;0.690985;
chebyshev interp, CPU Dense Matrix ;16;0.06;642098;1557.39;8; 0.0706496;;0.0706496;0.064883;0.0479108;0.0209512;0.023758;0.0484012;0.0633938;0.0456979;0.0404495;0.0443177;0.0659777;0.0488379;0.0435833;0.0490301;0.0548781;0.0451631;0.0545813;0.0547215;0.0460999;0.0562395;
chebyshev interp, GPU Dense Matrix ;16;0.056;6.54947e+07;15.2684;8; 0.0706496;;0.0706496;0.064883;0.0479108;0.0209512;0.023758;0.0484012;0.0633938;0.0456979;0.0404495;0.0443177;0.0659777;0.0488379;0.0435833;0.0490301;0.0548781;0.0451631;0.0545813;0.0547215;0.0460999;0.0562395;
chebyshev interp, CPU Dense Matrix ;32;0.464;1.69934e+07;58.8465;8; 5.81128e-05;;5.81128e-05;3.32391e-05;1.45528e-05;3.0352e-05;1.07568e-05;4.68234e-05;1.77649e-05;5.47638e-05;2.30949e-05;5.2187e-05;2.32254e-05;4.44054e-05;2.38735e-05;3.44269e-05;2.84855e-05;2.91008e-05;2.93332e-05;2.82544e-05;3.17447e-05;2.92622e-05;
chebyshev interp, GPU Dense Matrix ;32;0.79;7.56883e+07;13.2121;8; 5.81128e-05;;5.81128e-05;3.32391e-05;1.45528e-05;3.0352e-05;1.07568e-05;4.68234e-05;1.77649e-05;5.47638e-05;2.30949e-05;5.2187e-05;2.32254e-05;4.44054e-05;2.38735e-05;3.44269e-05;2.84855e-05;2.91008e-05;2.93332e-05;2.82544e-05;3.17447e-05;2.92622e-05;
chebyshev interp, CPU Dense Matrix ;48;2.226;7.92842e+07;12.6129;8; 1.79482e-09;;1.79482e-09;2.52411e-10;7.66903e-10;6.89677e-10;3.0432e-10;1.00726e-09;1.3743e-09;5.99002e-10;6.72301e-10;1.45438e-09;1.32425e-09;6.93839e-10;7.14216e-10;7.18547e-10;7.6741e-10;6.92621e-10;7.10673e-10;7.50138e-10;7.72308e-10;7.75922e-10;
chebyshev interp, GPU Dense Matrix ;48;3.74;9.10985e+07;10.9771;8; 1.79481e-09;;1.79481e-09;2.52411e-10;7.66903e-10;6.89677e-10;3.0432e-10;1.00726e-09;1.3743e-09;5.99003e-10;6.723e-10;1.45438e-09;1.32425e-09;6.93839e-10;7.14217e-10;7.18546e-10;7.6741e-10;6.92621e-10;7.10673e-10;7.50136e-10;7.72308e-10;7.75922e-10;
chebyshev interp, CPU Dense Matrix ;64;7.575;2.5645e+08;3.8994;8; 2.10715e-11;;4.45897e-15;6.14775e-12;3.64119e-12;4.94129e-12;4.94135e-12;8.43107e-12;7.30258e-12;4.72488e-12;8.97231e-12;5.82617e-12;1.55213e-11;1.15808e-11;1.33485e-11;1.10488e-11;7.03e-12;1.7569e-11;1.34686e-11;1.41658e-11;1.49541e-11;2.10715e-11;
chebyshev interp, GPU Dense Matrix ;64;23.717;1.00812e+08;9.91948;8; 2.10715e-11;;5.17815e-15;6.14774e-12;3.64122e-12;4.94131e-12;4.94131e-12;8.4311e-12;7.30262e-12;4.72496e-12;8.97256e-12;5.82624e-12;1.55216e-11;1.15806e-11;1.33492e-11;1.10487e-11;7.02963e-12;1.7569e-11;1.34692e-11;1.41661e-11;1.49541e-11;2.10715e-11;
linear interp, trapezoid rule, CPU ;8;0;2.20855e+07;45.2787;8; 0.64238;;0;0.487322;0.475568;0.446042;0.384529;0.273474;0.146592;0.222264;0.432318;0.458129;0.397692;0.452034;0.64238;0.53119;0.503657;0.391602;0.456431;0.479309;0.438327;0.505793;
linear interp, CPU Sparse Matrix   ;8;0.002;23315;42890.8;8; 0.642886;;7.84917e-06;0.487322;0.475733;0.446173;0.384628;0.273159;0.146205;0.222129;0.432316;0.457653;0.396001;0.451297;0.642886;0.532315;0.504024;0.392715;0.455299;0.478055;0.438324;0.506719;
linear interp, GPU Sparse Matrix   ;8;0.064;7.38834e+06;135.348;8; 0.642886;;7.84917e-06;0.487322;0.475733;0.446173;0.384628;0.273159;0.146205;0.222129;0.432316;0.457653;0.396001;0.451297;0.642886;0.532315;0.504024;0.392715;0.455299;0.478055;0.438324;0.506719;
bicubic interp, trapezoid rule, CPU;8;0;1.81263e+07;55.1684;8; 0.287668;;0;0.0218452;0.074169;0.133692;0.179836;0.197111;0.170022;0.0795346;0.149238;0.208547;0.242954;0.238303;0.218157;0.242594;0.215488;0.243474;0.287668;0.275869;0.239988;0.229083;
bicubic interp, CPU Sparse Matrix  ;8;0.012;239979;4167.03;8; 0.287668;;2.03617e-13;0.0218452;0.074169;0.133692;0.179836;0.197111;0.170022;0.0795346;0.149238;0.208547;0.242954;0.238303;0.218157;0.242594;0.215488;0.243474;0.287668;0.275869;0.239988;0.229083;
bicubic interp, GPU Sparse Matrix  ;8;0.036;4.51948e+06;221.264;8; 0.287668;;2.49089e-13;0.0218452;0.074169;0.133692;0.179836;0.197111;0.170022;0.0795346;0.149238;0.208547;0.242954;0.238303;0.218157;0.242594;0.215488;0.243474;0.287668;0.275869;0.239988;0.229083;
DCT+Bessel+IDCT                    ;8;0;10300;97087.4;8; 0.192179;;1.89244e-16;0.0141989;0.0497921;0.0908686;0.12163;0.130795;0.110879;0.055833;0.10661;0.161118;0.18128;0.167387;0.164713;0.185447;0.168005;0.162945;0.192179;0.183194;0.175711;0.16419;
DCT+Bessel+IDCT, on padded grid    ;8;0.006;356678;2803.65;8; 0.206338;;1.89244e-16;0.0142355;0.0499254;0.091127;0.122004;0.131234;0.111273;0.0559638;0.107629;0.163044;0.18379;0.170065;0.16779;0.188643;0.170444;0.173068;0.206338;0.199355;0.186296;0.174311;
linear interp, trapezoid rule, CPU ;16;0;5.81981e+07;17.1827;8; 0.255441;;0;0.255441;0.152319;0.0738491;0.227123;0.104168;0.173715;0.189451;0.158297;0.170252;0.155922;0.175169;0.168644;0.136791;0.212335;0.212644;0.172173;0.2031;0.209803;0.145998;
linear interp, CPU Sparse Matrix   ;16;0.025;42096;23755.2;8; 0.255537;;1.64805e-08;0.255537;0.152371;0.0740906;0.225848;0.103529;0.173559;0.187833;0.159464;0.168846;0.156286;0.173436;0.167644;0.133903;0.212328;0.211197;0.1727;0.202985;0.207415;0.143808;
linear interp, GPU Sparse Matrix   ;16;0.046;5.03015e+06;198.801;8; 0.255537;;1.64805e-08;0.255537;0.152371;0.0740906;0.225848;0.103529;0.173559;0.187833;0.159464;0.168846;0.156286;0.173436;0.167644;0.133903;0.212328;0.211197;0.1727;0.202985;0.207415;0.143808;
bicubic interp, trapezoid rule, CPU;16;0;7.00675e+07;14.2719;8; 0.0180164;;0;0.00585426;0.0126189;0.00880343;0.00538277;0.0130392;0.010561;0.0083268;0.0137097;0.00760684;0.0120399;0.0157221;0.00765668;0.0143897;0.0164301;0.00851866;0.0166989;0.0161529;0.00912216;0.0180164;
bicubic interp, CPU Sparse Matrix  ;16;0.083;1.14797e+06;871.101;8; 0.0180164;;3.0354e-14;0.00585427;0.0126189;0.00880343;0.00538277;0.0130392;0.010561;0.0083268;0.0137097;0.00760684;0.0120399;0.0157221;0.00765668;0.0143897;0.0164301;0.00851867;0.0166989;0.0161529;0.00912216;0.0180164;
bicubic interp, GPU Sparse Matrix  ;16;0.361;4.93512e+06;202.629;8; 0.0180164;;3.15084e-14;0.00585427;0.0126189;0.00880343;0.00538277;0.0130392;0.010561;0.0083268;0.0137097;0.00760684;0.0120399;0.0157221;0.00765668;0.0143897;0.0164301;0.00851867;0.0166989;0.0161529;0.00912216;0.0180164;
DCT+Bessel+IDCT                    ;16;0;85507;11694.9;8; 0.145615;;1.75902e-16;3.79908e-05;9.99088e-05;7.32069e-05;0.000102122;0.000308401;0.00022028;0.000302468;0.000556291;0.00032115;0.000512262;0.000688241;0.000366047;0.000687869;0.00200048;0.00542329;0.0143941;0.0341867;0.0743316;0.145615;
DCT+Bessel+IDCT, on padded grid    ;16;0.014;1.08892e+06;918.342;8; 0.00102013;;1.75902e-16;3.96406e-05;0.000104295;7.6405e-05;0.000107238;0.000323999;0.000228777;0.000329733;0.000608689;0.00033867;0.000571717;0.000774385;0.000405671;0.000743145;0.000867763;0.000470583;0.000912891;0.000896204;0.000466403;0.00102013;
linear interp, trapezoid rule, CPU ;32;0;2.49734e+08;4.00426;8; 0.111884;;0;0.0454286;0.0847381;0.05895;0.0242802;0.0499032;0.0718084;0.102268;0.0382392;0.0631259;0.0483141;0.0540193;0.0486725;0.0683141;0.0758535;0.0438799;0.0765167;0.111884;0.0479404;0.0747684;
linear interp, CPU Sparse Matrix   ;32;0.143;244862;4083.93;8; 0.111324;;7.43312e-10;0.0454423;0.084565;0.0579199;0.0245142;0.0494549;0.070858;0.103106;0.0382902;0.0625114;0.0486024;0.0534797;0.047906;0.0652207;0.0746335;0.0436757;0.0759417;0.111324;0.0448979;0.0737305;
linear interp, GPU Sparse Matrix   ;32;0.405;4.37029e+06;228.818;8; 0.111324;;7.43312e-10;0.0454423;0.084565;0.0579199;0.0245142;0.0494549;0.070858;0.103106;0.0382902;0.0625114;0.0486024;0.0534797;0.047906;0.0652207;0.0746335;0.0436757;0.0759417;0.111324;0.0448979;0.0737305;
bicubic interp, trapezoid rule, CPU;32;0.001;2.53886e+08;3.93878;8; 0.000834953;;0;0.000834953;0.000187425;0.000187901;0.00023776;0.000555111;0.000218996;0.000364961;0.000400632;0.000250904;0.000249212;0.000463369;0.000412928;0.000212845;0.000417685;0.000527529;0.000254192;0.000318589;0.000564464;0.000412214;
bicubic interp, CPU Sparse Matrix  ;32;0.705;7.16137e+06;139.638;8; 0.000834954;;2.89624e-13;0.000834954;0.000187422;0.000187899;0.000237759;0.000555111;0.000219002;0.000364963;0.000400632;0.000250906;0.000249208;0.000463368;0.000412929;0.000212845;0.000417678;0.000527528;0.000254191;0.000318588;0.000564469;0.000412214;
bicubic interp, GPU Sparse Matrix  ;32;2.992;8.02451e+06;124.618;8; 0.000834954;;2.90184e-13;0.000834954;0.000187422;0.000187899;0.000237759;0.000555111;0.000219002;0.000364963;0.000400632;0.000250906;0.000249208;0.000463368;0.000412929;0.000212845;0.000417678;0.000527528;0.000254191;0.000318588;0.000564469;0.000412214;
DCT+Bessel+IDCT                    ;32;0.004;341169;2931.1;8; 0.334932;;2.2408e-16;9.26192e-12;3.30586e-11;2.53307e-10;2.17397e-09;1.8679e-08;1.3119e-07;7.82281e-07;4.12411e-06;1.94454e-05;8.1924e-05;0.000311078;0.00106643;0.00328373;0.00914628;0.0230795;0.0522854;0.107388;0.199463;0.334932;
DCT+Bessel+IDCT, on padded grid    ;32;0.037;4.65873e+06;214.651;8; 2.3079e-11;;2.98774e-16;5.85205e-12;5.13682e-12;4.81379e-12;3.93566e-12;6.75279e-12;1.06128e-11;5.21965e-12;7.0112e-12;1.29333e-11;1.1881e-11;7.47144e-12;1.29257e-11;1.1373e-11;7.59403e-12;1.12649e-11;1.81278e-11;1.79279e-11;1.78241e-11;2.3079e-11;
linear interp, trapezoid rule, CPU ;48;0;5.32751e+08;1.87705;8; 0.0563549;;0;0.0300012;0.036327;0.0375116;0.0352417;0.0350809;0.0375756;0.0245306;0.0250478;0.0206349;0.0185698;0.0244259;0.0336998;0.0427747;0.0546105;0.0563549;0.0223606;0.0371503;0.0434185;0.0468409;
linear interp, CPU Sparse Matrix   ;48;0.505;998796;1001.21;8; 0.0553422;;2.46752e-10;0.0301017;0.036735;0.0380999;0.0362168;0.0355868;0.038261;0.0251846;0.023645;0.0206632;0.0186327;0.0239679;0.0334435;0.0420003;0.0543055;0.0553422;0.0224321;0.0368978;0.0420997;0.043866;
linear interp, GPU Sparse Matrix   ;48;1.42;5.11115e+06;195.651;8; 0.0553422;;2.46752e-10;0.0301017;0.036735;0.0380999;0.0362168;0.0355868;0.038261;0.0251846;0.023645;0.0206632;0.0186327;0.0239679;0.0334435;0.0420003;0.0543055;0.0553422;0.0224321;0.0368978;0.0420997;0.043866;
bicubic interp, trapezoid rule, CPU;48;0;5.37203e+08;1.8615;8; 7.09552e-05;;0;7.09552e-05;4.94952e-05;1.4092e-05;2.59934e-05;5.19862e-05;4.26812e-05;3.87218e-05;4.73121e-05;5.39483e-05;5.77899e-05;5.84762e-05;5.58387e-05;5.23029e-05;4.57878e-05;3.8913e-05;3.57255e-05;3.4436e-05;3.38477e-05;3.73262e-05;
bicubic interp, CPU Sparse Matrix  ;48;2.427;2.65905e+07;37.6074;8; 7.09557e-05;;1.02051e-12;7.09557e-05;4.94965e-05;1.40921e-05;2.58447e-05;5.19877e-05;4.26638e-05;3.87225e-05;4.73119e-05;5.39483e-05;5.779e-05;5.84791e-05;5.58447e-05;5.23022e-05;4.57889e-05;3.89131e-05;3.57263e-05;3.4436e-05;3.38476e-05;3.73242e-05;
bicubic interp, GPU Sparse Matrix  ;48;11.078;1.35279e+07;73.9212;8; 7.09557e-05;;1.02032e-12;7.09557e-05;4.94965e-05;1.40921e-05;2.58447e-05;5.19877e-05;4.26638e-05;3.87225e-05;4.73119e-05;5.39483e-05;5.779e-05;5.84791e-05;5.58447e-05;5.23022e-05;4.57889e-05;3.89131e-05;3.57263e-05;3.4436e-05;3.38476e-05;3.73242e-05;
DCT+Bessel+IDCT                    ;48;0.01;1.07246e+06;932.439;8; 0.415177;;2.90461e-16;1.55802e-11;8.68612e-11;6.6855e-10;5.5391e-09;4.56432e-08;3.04751e-07;1.73466e-06;8.7116e-06;3.90618e-05;0.000157085;0.000568613;0.00185209;0.00544429;0.0144459;0.0346205;0.0749512;0.146677;0.259543;0.415177;
DCT+Bessel+IDCT, on padded grid    ;48;0.118;1.18208e+07;84.5967;8; 2.34059e-11;;2.90461e-16;4.45783e-12;4.3704e-12;4.98218e-12;6.11372e-12;7.79287e-12;8.87433e-12;9.29628e-12;9.29859e-12;8.99953e-12;8.46956e-12;7.77507e-12;6.95121e-12;6.05753e-12;5.7118e-12;9.63435e-12;1.37028e-11;1.81786e-11;1.67222e-11;2.34059e-11;
linear interp, trapezoid rule, CPU ;64;0;9.51667e+08;1.05079;8; 0.0318002;;0;0.0227317;0.00426899;0.0254641;0.00525327;0.0183359;0.0130571;0.0267417;0.0174628;0.023396;0.0211748;0.0145949;0.0201691;0.0112484;0.0197628;0.0178295;0.0318002;0.0260988;0.0181847;0.0274748;
linear interp, CPU Sparse Matrix   ;64;1.157;4.19166e+06;238.569;8; 0.0308992;;1.33965e-10;0.022724;0.00420942;0.0255703;0.00527673;0.0184843;0.0130644;0.0270144;0.0173872;0.0231568;0.0209685;0.0140123;0.0190001;0.0106944;0.0196568;0.0182016;0.0308992;0.0262147;0.0176499;0.0264961;
linear interp, GPU Sparse Matrix   ;64;3.44;4.92702e+06;202.963;8; 0.0308992;;1.33965e-10;0.022724;0.00420942;0.0255703;0.00527673;0.0184843;0.0130644;0.0270144;0.0173872;0.0231568;0.0209685;0.0140123;0.0190001;0.0106944;0.0196568;0.0182016;0.0308992;0.0262147;0.0176499;0.0264961;
bicubic interp, trapezoid rule, CPU;64;0.003;9.28935e+08;1.0765;8; 2.09602e-05;;0;2.09602e-05;2.01961e-05;3.58438e-06;1.15027e-05;1.20401e-05;1.78032e-05;1.11159e-05;1.2226e-05;1.17111e-05;8.60708e-06;1.45815e-05;8.09577e-06;1.58936e-05;9.77248e-06;1.44072e-05;1.36699e-05;1.07816e-05;1.67313e-05;9.49424e-06;
bicubic interp, CPU Sparse Matrix  ;64;5.791;5.64409e+07;17.7177;8; 2.09609e-05;;3.91111e-12;2.09609e-05;2.01963e-05;3.58493e-06;1.15034e-05;1.20423e-05;1.78036e-05;1.11158e-05;1.0314e-05;1.17122e-05;8.60642e-06;1.45339e-05;8.09675e-06;1.58943e-05;9.77254e-06;1.44083e-05;1.37407e-05;1.07807e-05;1.67326e-05;9.49497e-06;
bicubic interp, GPU Sparse Matrix  ;64;25.617;2.70958e+07;36.9061;8; 2.09609e-05;;3.91051e-12;2.09609e-05;2.01963e-05;3.58493e-06;1.15034e-05;1.20423e-05;1.78036e-05;1.11158e-05;1.0314e-05;1.17122e-05;8.60642e-06;1.45339e-05;8.09675e-06;1.58943e-05;9.77254e-06;1.44083e-05;1.37407e-05;1.07807e-05;1.67326e-05;9.49497e-06;
DCT+Bessel+IDCT                    ;64;0.02;1.65933e+06;602.654;8; 0.457358;;4.31513e-16;2.2777e-11;1.40894e-10;1.07058e-09;8.69656e-09;7.01125e-08;4.57307e-07;2.54139e-06;1.24668e-05;5.45628e-05;0.000214283;0.000757034;0.00240938;0.00691697;0.0179207;0.0419346;0.0886671;0.169445;0.292735;0.457358;
DCT+Bessel+IDCT, on padded grid    ;64;0.209;2.49223e+07;40.1247;8; 2.10729e-11;;2.87675e-16;6.14775e-12;3.64109e-12;4.94097e-12;4.94053e-12;8.43168e-12;7.30215e-12;4.72429e-12;8.97235e-12;5.82478e-12;1.5522e-11;1.15774e-11;1.33492e-11;1.10452e-11;7.02827e-12;1.75659e-11;1.34695e-11;1.4164e-11;1.49523e-11;2.10729e-11;
linear interp, trapezoid rule, CPU ;96;0;2.14764e+09;0.465628;8; 0.0246028;;0;0.0108817;0.0129789;0.0105624;0.00381377;0.00835882;0.0212455;0.00488553;0.00986667;0.00912878;0.0056797;0.00636788;0.0143722;0.00776941;0.0110638;0.0131208;0.00939745;0.00550619;0.0134585;0.0246028;
linear interp, CPU Sparse Matrix   ;96;4.252;1.62724e+07;61.4539;8; 0.0244551;;6.58255e-11;0.010951;0.0130798;0.0106609;0.00382932;0.00846409;0.0209359;0.00467957;0.00996472;0.00921953;0.0054939;0.00621194;0.0143481;0.00787161;0.011227;0.0124321;0.00868131;0.00529466;0.0130214;0.0244551;
linear interp, GPU Sparse Matrix   ;96;12.335;3.67912e+06;271.804;8; 0.0244551;;6.58255e-11;0.010951;0.0130798;0.0106609;0.00382932;0.00846409;0.0209359;0.00467957;0.00996472;0.00921953;0.0054939;0.00621194;0.0143481;0.00787161;0.011227;0.0124321;0.00868131;0.00529466;0.0130214;0.0244551;
bicubic interp, trapezoid rule, CPU;96;0.007;1.68366e+09;0.593944;8; 3.53593e-06;;0;3.06829e-06;2.10864e-06;8.96065e-07;1.88045e-06;3.53593e-06;3.16155e-06;1.71939e-06;1.53789e-06;1.69566e-06;2.1751e-06;2.33389e-06;2.05602e-06;1.66272e-06;1.7433e-06;1.87619e-06;2.4816e-06;2.70378e-06;2.33202e-06;1.85754e-06;
bicubic interp, CPU Sparse Matrix  ;96;24.541;1.6576e+08;6.03283;8; 3.53629e-06;;1.66776e-11;3.07148e-06;2.10858e-06;7.78478e-07;1.88109e-06;3.53629e-06;3.16205e-06;1.70095e-06;1.53804e-06;1.69539e-06;2.17522e-06;2.33508e-06;2.05571e-06;1.54584e-06;1.44487e-06;1.87681e-06;2.47876e-06;2.70585e-06;2.45956e-06;1.85911e-06;
bicubic interp, GPU Sparse Matrix  ;96;101.338;6.61105e+07;15.1262;8; 3.53629e-06;;1.66777e-11;3.07148e-06;2.10858e-06;7.78478e-07;1.88109e-06;3.53629e-06;3.16205e-06;1.70095e-06;1.53804e-06;1.69539e-06;2.17522e-06;2.33508e-06;2.05571e-06;1.54584e-06;1.44487e-06;1.87681e-06;2.47876e-06;2.70585e-06;2.45956e-06;1.85911e-06;
DCT+Bessel+IDCT                    ;96;0.043;4.5529e+06;219.64;8; 0.50042;;2.85733e-16;3.54976e-11;2.27331e-10;1.69783e-09;1.35081e-08;1.06513e-07;6.78747e-07;3.68452e-06;1.76497e-05;7.54749e-05;0.000289555;0.000999206;0.00310651;0.00871104;0.0220473;0.050395;0.10408;0.194287;0.327893;0.50042;
DCT+Bessel+IDCT, on padded grid    ;96;0.442;6.19405e+07;16.1445;8; 2.02082e-11;;4.28599e-16;4.40582e-12;4.26292e-12;4.45075e-12;5.08462e-12;4.43808e-12;3.92825e-12;8.92225e-12;8.23028e-12;1.36625e-11;1.16826e-11;9.3117e-12;6.76666e-12;6.40711e-12;1.63914e-11;1.38038e-11;1.1904e-11;1.30112e-11;2.02082e-11;1.29087e-11;
chebyshev interp, CPU Dense Matrix ;8;0.012;35641;28057.6;4; 0.707292;;0.666249;0.668746;0.674096;0.677217;0.672367;0.653949;0.615522;0.54762;0.641659;0.68225;0.694878;0.683023;0.671594;0.707292;0.69772;0.670478;0.697034;0.690952;0.697946;0.690986;
chebyshev interp, GPU Dense Matrix ;8;0.176;5.2243e+07;19.1413;4; 0.707292;;0.666249;0.668746;0.674096;0.677217;0.672367;0.653949;0.615522;0.54762;0.641659;0.68225;0.694878;0.683023;0.671594;0.707292;0.69772;0.670478;0.697034;0.690951;0.697946;0.690986;
chebyshev interp, CPU Dense Matrix ;16;0.042;306332;3264.43;4; 0.0706495;;0.0706495;0.0648831;0.0479108;0.0209511;0.0237581;0.0484011;0.0633937;0.0456982;0.0404505;0.044318;0.0659778;0.0488385;0.043583;0.0490303;0.0548784;0.045163;0.0545816;0.0547218;0.0461;0.0562397;
chebyshev interp, GPU Dense Matrix ;16;0.045;5.30783e+07;18.8401;4; 0.0706496;;0.0706496;0.0648831;0.0479108;0.0209511;0.0237581;0.0484011;0.0633939;0.0456981;0.0404507;0.044318;0.0659779;0.0488385;0.0435829;0.0490303;0.0548783;0.045163;0.0545815;0.0547217;0.0460999;0.0562397;
chebyshev interp, CPU Dense Matrix ;32;0.337;8.54127e+06;117.079;4; 5.80257e-05;;5.80257e-05;3.34054e-05;1.48456e-05;3.01137e-05;1.08951e-05;4.68941e-05;1.79371e-05;5.48657e-05;2.32551e-05;5.26225e-05;2.4407e-05;4.4293e-05;2.39842e-05;3.45039e-05;2.86666e-05;2.92409e-05;2.95209e-05;2.84126e-05;3.21861e-05;2.94178e-05;
chebyshev interp, GPU Dense Matrix ;32;0.49;7.50947e+07;13.3165;4; 5.81059e-05;;5.81059e-05;3.32369e-05;1.46014e-05;3.04261e-05;1.09392e-05;4.68276e-05;1.79704e-05;5.46449e-05;2.32219e-05;5.25438e-05;2.44988e-05;4.42863e-05;2.39842e-05;3.44256e-05;2.85046e-05;2.90546e-05;2.94677e-05;2.82907e-05;3.18363e-05;2.91767e-05;
chebyshev interp, CPU Dense Matrix ;48;1.929;3.70491e+07;26.9912;4; 2.47749e-06;;3.89849e-07;6.56165e-07;7.63843e-07;5.53499e-07;7.89065e-07;7.98323e-07;1.06544e-06;1.32472e-06;1.39519e-06;2.43473e-06;2.47749e-06;2.0228e-06;1.5343e-06;1.27016e-06;1.13363e-06;1.20677e-06;1.17007e-06;9.1458e-07;8.39614e-07;1.0448e-06;
chebyshev interp, GPU Dense Matrix ;48;2.666;9.74523e+07;10.2614;4; 2.38573e-06;;1.5594e-07;2.46062e-07;1.90961e-07;3.07499e-07;7.01391e-07;3.32634e-07;1.15422e-06;1.26953e-06;1.19588e-06;2.27765e-06;2.38573e-06;1.49049e-06;1.35018e-06;1.1996e-06;8.90706e-07;8.35456e-07;7.44591e-07;6.70692e-07;6.29711e-07;4.82215e-07;
chebyshev interp, CPU Dense Matrix ;64;5.915;1.25504e+08;7.96784;4; 2.47729e-06;;6.17778e-07;8.94002e-07;6.63215e-07;8.56393e-07;8.74934e-07;7.31659e-07;1.24326e-06;1.32473e-06;1.59497e-06;1.88467e-06;2.47729e-06;2.02154e-06;1.71838e-06;1.62314e-06;1.13361e-06;1.39224e-06;1.4892e-06;9.75564e-07;9.09417e-07;1.04479e-06;
chebyshev interp, GPU Dense Matrix ;64;22.117;1.01754e+08;9.82758;4; 2.20203e-06;;1.54444e-07;1.62546e-07;1.8949e-07;3.67026e-07;5.2496e-07;5.32115e-07;7.10432e-07;1.32473e-06;1.66143e-06;1.80614e-06;2.20203e-06;1.80874e-06;1.4729e-06;1.27028e-06;8.90696e-07;1.02098e-06;7.44598e-07;6.09728e-07;6.99552e-07;4.82211e-07;
