chebyshev interp, CPU Dense Matrix ;8;0.019;81570;12259.4;8; 0.706582;;0.670663;0.673815;0.676352;0.677193;0.675283;0.669604;0.659115;0.642655;0.618812;0.58576;0.541049;0.511745;0.653072;0.676062;0.689588;0.694782;0.692115;0.681459;0.662084;0.69856;0.706302;0.706582;0.699517;0.684679;0.680635;0.693138;0.697697;0.694605;0.683594;0.697384;
chebyshev interp, GPU Dense Matrix ;8;2.382;1.00557e+06;994.462;8; 0.706582;;0.670663;0.673815;0.676352;0.677193;0.675283;0.669604;0.659115;0.642655;0.618812;0.58576;0.541049;0.511745;0.653072;0.676062;0.689588;0.694782;0.692115;0.681459;0.662084;0.69856;0.706302;0.706582;0.699517;0.684679;0.680635;0.693138;0.697697;0.694605;0.683594;0.697384;
chebyshev interp, CPU Dense Matrix ;16;0.071;1.0349e+06;966.275;8; 0.0652353;;0.0597624;0.0490872;0.035111;0.0182431;0.016368;0.0282772;0.0415233;0.0580014;0.0632764;0.0600753;0.043083;0.0367985;0.0419203;0.0437686;0.0544438;0.0652353;0.0609452;0.0486811;0.0438062;0.0445385;0.0443651;0.0541746;0.0553784;0.0478251;0.045237;0.0464561;0.0564543;0.0572071;0.0492214;0.0459644;
chebyshev interp, GPU Dense Matrix ;16;0.074;1.34763e+06;742.045;8; 0.0652353;;0.0597624;0.0490872;0.035111;0.0182431;0.016368;0.0282772;0.0415233;0.0580014;0.0632764;0.0600753;0.043083;0.0367985;0.0419203;0.0437686;0.0544438;0.0652353;0.0609452;0.0486811;0.0438062;0.0445385;0.0443651;0.0541746;0.0553784;0.0478251;0.045237;0.0464561;0.0564543;0.0572071;0.0492214;0.0459644;
chebyshev interp, CPU Dense Matrix ;32;0.581;2.43813e+07;41.015;8; 5.47394e-05;;1.50327e-05;1.23387e-05;2.96696e-05;2.89477e-05;9.2129e-06;2.11085e-05;4.46981e-05;3.91926e-05;1.76094e-05;3.83158e-05;5.47394e-05;3.27455e-05;2.55597e-05;4.74611e-05;4.70291e-05;2.27748e-05;2.82753e-05;4.44111e-05;2.68137e-05;2.73657e-05;3.32193e-05;2.73717e-05;2.92667e-05;2.87404e-05;2.96709e-05;2.80124e-05;2.81513e-05;3.05023e-05;2.99406e-05;3.12601e-05;
chebyshev interp, GPU Dense Matrix ;32;1.035;3.67577e+06;272.052;8; 5.47394e-05;;1.50327e-05;1.23387e-05;2.96696e-05;2.89477e-05;9.2129e-06;2.11085e-05;4.46981e-05;3.91926e-05;1.76094e-05;3.83158e-05;5.47394e-05;3.27455e-05;2.55597e-05;4.74611e-05;4.70291e-05;2.27748e-05;2.82753e-05;4.44111e-05;2.68137e-05;2.73657e-05;3.32193e-05;2.73717e-05;2.92667e-05;2.87404e-05;2.96709e-05;2.80124e-05;2.81513e-05;3.05023e-05;2.99406e-05;3.12601e-05;
chebyshev interp, CPU Dense Matrix ;48;3.432;1.39292e+08;7.17915;8; 1.49433e-09;;4.87092e-10;7.98596e-10;1.73608e-10;7.73092e-10;6.2101e-10;5.09843e-10;1.18947e-09;4.24683e-10;1.29772e-09;9.60156e-10;8.16133e-10;1.45551e-09;6.3346e-10;1.49433e-09;6.36372e-10;1.18556e-09;1.05205e-09;8.22162e-10;1.15781e-09;6.38902e-10;1.03895e-09;6.96198e-10;8.39691e-10;7.00787e-10;6.92947e-10;7.77093e-10;7.41808e-10;7.64594e-10;7.3648e-10;7.52864e-10;
chebyshev interp, GPU Dense Matrix ;48;5.801;9.94625e+06;100.54;8; 1.49433e-09;;4.8709e-10;7.98597e-10;1.73608e-10;7.73092e-10;6.21009e-10;5.09845e-10;1.18947e-09;4.24683e-10;1.29772e-09;9.60156e-10;8.16133e-10;1.45551e-09;6.33459e-10;1.49433e-09;6.36372e-10;1.18556e-09;1.05205e-09;8.22162e-10;1.15781e-09;6.38902e-10;1.03895e-09;6.96198e-10;8.39691e-10;7.00787e-10;6.92948e-10;7.77094e-10;7.41809e-10;7.64594e-10;7.36481e-10;7.52864e-10;
chebyshev interp, CPU Dense Matrix ;64;11.103;7.5518e+08;1.32419;8; 2.05795e-11;;3.75375e-12;3.94474e-12;4.44422e-12;5.05469e-12;5.34147e-12;3.42508e-12;5.44335e-12;7.76419e-12;8.94252e-12;9.31688e-12;8.17662e-12;7.24692e-12;7.49396e-12;1.3025e-11;1.24355e-11;1.0364e-11;5.20146e-12;9.21436e-12;8.66877e-12;1.43092e-11;1.16906e-11;5.72427e-12;1.0003e-11;1.09875e-11;1.51229e-11;1.23195e-11;1.82787e-11;1.17813e-11;1.0674e-11;2.05795e-11;
chebyshev interp, GPU Dense Matrix ;64;33.516;1.89167e+07;52.8633;8; 2.05796e-11;;3.75373e-12;3.94473e-12;4.44419e-12;5.05475e-12;5.34153e-12;3.42512e-12;5.44333e-12;7.7642e-12;8.94258e-12;9.31683e-12;8.17659e-12;7.2469e-12;7.49401e-12;1.3025e-11;1.24356e-11;1.03637e-11;5.20109e-12;9.21536e-12;8.66834e-12;1.43101e-11;1.169e-11;5.72407e-12;1.00028e-11;1.09878e-11;1.51229e-11;1.23196e-11;1.82785e-11;1.17813e-11;1.0674e-11;2.05796e-11;
linear interp, trapezoid rule, CPU ;8;0;1.89982e+07;52.6365;8; 0.666245;;0.48419;0.476539;0.463332;0.442251;0.41044;0.364272;0.298909;0.23669;0.157658;0.196155;0.22156;0.329802;0.447082;0.466343;0.42466;0.389938;0.434621;0.452158;0.561638;0.666245;0.569957;0.466658;0.49606;0.453596;0.396525;0.42186;0.46595;0.481614;0.466237;0.424201;
linear interp, CPU Sparse Matrix   ;8;0.002;16718;59815.8;8; 0.666469;;0.484378;0.476706;0.46348;0.44238;0.410551;0.364364;0.298981;0.236354;0.157277;0.195003;0.221108;0.329522;0.446453;0.466059;0.424429;0.388039;0.433563;0.452111;0.56157;0.666469;0.571617;0.466763;0.49495;0.453549;0.39467;0.42238;0.46644;0.480599;0.466151;0.424611;
linear interp, GPU Sparse Matrix   ;8;0.074;85587;11684;8; 0.666469;;0.484378;0.476706;0.46348;0.44238;0.410551;0.364364;0.298981;0.236354;0.157277;0.195003;0.221108;0.329522;0.446453;0.466059;0.424429;0.388039;0.433563;0.452111;0.56157;0.666469;0.571617;0.466763;0.49495;0.453549;0.39467;0.42238;0.46644;0.480599;0.466151;0.424611;
bicubic interp, trapezoid rule, CPU;8;0;1.76237e+07;56.7418;8; 0.289404;;0.0392071;0.0709813;0.105431;0.138433;0.166498;0.186744;0.196607;0.193379;0.17357;0.13233;0.0704799;0.0985485;0.164927;0.198363;0.225059;0.241657;0.245727;0.236641;0.212904;0.232514;0.242647;0.238224;0.219668;0.187186;0.249987;0.278473;0.289404;0.28343;0.26067;0.239662;
bicubic interp, CPU Sparse Matrix  ;8;0.029;332814;3004.68;8; 0.289404;;0.0392071;0.0709813;0.105431;0.138433;0.166498;0.186744;0.196607;0.193379;0.17357;0.13233;0.0704799;0.0985485;0.164927;0.198363;0.225059;0.241657;0.245727;0.236641;0.212904;0.232514;0.242647;0.238224;0.219668;0.187186;0.249987;0.278473;0.289404;0.28343;0.26067;0.239662;
bicubic interp, GPU Sparse Matrix  ;8;0.06;369937;2703.16;8; 0.289404;;0.0392071;0.0709813;0.105431;0.138433;0.166498;0.186744;0.196607;0.193379;0.17357;0.13233;0.0704799;0.0985485;0.164927;0.198363;0.225059;0.241657;0.245727;0.236641;0.212904;0.232514;0.242647;0.238224;0.219668;0.187186;0.249987;0.278473;0.289404;0.28343;0.26067;0.239662;
DCT+Bessel+IDCT                    ;8;0;13179;75878.3;8; 0.193217;;0.0258627;0.0475953;0.0713967;0.0941122;0.113006;0.125891;0.131077;0.127225;0.113193;0.0878917;0.0541521;0.0650091;0.121197;0.152257;0.172097;0.180926;0.17876;0.165375;0.140278;0.175914;0.184844;0.183188;0.170913;0.14773;0.167292;0.186199;0.193217;0.188624;0.172399;0.175103;
DCT+Bessel+IDCT, on padded grid    ;8;0.006;427416;2339.64;8; 0.207921;;0.0259302;0.0477224;0.0715934;0.0943814;0.113344;0.126287;0.13151;0.127665;0.113595;0.0881894;0.0548234;0.0655228;0.122436;0.154013;0.174269;0.183404;0.181417;0.168044;0.142737;0.179147;0.188094;0.186229;0.173459;0.149416;0.177779;0.199066;0.207921;0.204522;0.188629;0.185604;
linear interp, trapezoid rule, CPU ;16;0;7.79237e+07;12.8331;8; 0.295814;;0.226074;0.160028;0.0719801;0.108022;0.209722;0.207818;0.0949969;0.178894;0.225816;0.267986;0.172601;0.15831;0.172873;0.295814;0.169821;0.160854;0.176619;0.185064;0.25027;0.194175;0.141369;0.144444;0.203586;0.230044;0.206356;0.185044;0.168041;0.194701;0.217107;0.228557;
linear interp, CPU Sparse Matrix   ;16;0.026;45811;21828.8;8; 0.295675;;0.226154;0.160083;0.0717897;0.108002;0.210393;0.20746;0.0943005;0.179685;0.226915;0.267807;0.172321;0.15802;0.17378;0.295675;0.168633;0.160339;0.173802;0.184674;0.249486;0.191833;0.140203;0.14578;0.202949;0.229869;0.202836;0.185247;0.168939;0.193385;0.214712;0.224529;
linear interp, GPU Sparse Matrix   ;16;0.062;155238;6441.72;8; 0.295675;;0.226154;0.160083;0.0717897;0.108002;0.210393;0.20746;0.0943005;0.179685;0.226915;0.267807;0.172321;0.15802;0.17378;0.295675;0.168633;0.160339;0.173802;0.184674;0.249486;0.191833;0.140203;0.14578;0.202949;0.229869;0.202836;0.185247;0.168939;0.193385;0.214712;0.224529;
bicubic interp, trapezoid rule, CPU;16;0;7.74126e+07;12.9178;8; 0.0182617;;0.00899919;0.0124351;0.0126219;0.00769886;0.00214662;0.00811567;0.0125503;0.0134117;0.0110559;0.0062994;0.00915703;0.0137437;0.0127022;0.00902702;0.00760658;0.0109475;0.0160222;0.015367;0.00996714;0.00752511;0.0114123;0.0174081;0.0170669;0.0114889;0.0083918;0.0114111;0.0181608;0.0182617;0.013034;0.00956381;
bicubic interp, CPU Sparse Matrix  ;16;0.147;1.51658e+06;659.376;8; 0.0182617;;0.00899919;0.0124351;0.0126219;0.00769886;0.00214662;0.00811567;0.0125503;0.0134117;0.0110559;0.0062994;0.00915704;0.0137437;0.0127022;0.00902702;0.00760658;0.0109475;0.0160222;0.015367;0.00996714;0.00752511;0.0114123;0.0174081;0.0170669;0.0114889;0.0083918;0.0114111;0.0181608;0.0182617;0.013034;0.00956381;
bicubic interp, GPU Sparse Matrix  ;16;0.504;1.73044e+06;577.889;8; 0.0182617;;0.00899919;0.0124351;0.0126219;0.00769886;0.00214662;0.00811567;0.0125503;0.0134117;0.0110559;0.0062994;0.00915704;0.0137437;0.0127022;0.00902702;0.00760658;0.0109475;0.0160222;0.015367;0.00996714;0.00752511;0.0114123;0.0174081;0.0170669;0.0114889;0.0083918;0.0114111;0.0181608;0.0182617;0.013034;0.00956381;
DCT+Bessel+IDCT                    ;16;0.001;127194;7862.01;8; 0.0690874;;6.41967e-05;9.78261e-05;0.000103825;6.48603e-05;3.03611e-05;0.00015471;0.000277205;0.0003225;0.000231822;0.000110948;0.000336075;0.000536595;0.000529642;0.000391053;0.000241136;0.000463169;0.000694351;0.000673546;0.000447038;0.000358749;0.000521993;0.00101127;0.00182348;0.00323404;0.00570183;0.00992851;0.0169844;0.0279795;0.0448215;0.0690874;
DCT+Bessel+IDCT, on padded grid    ;16;0.018;1.68488e+06;593.515;8; 0.00101024;;6.69946e-05;0.000102119;0.000108404;6.68725e-05;3.27582e-05;0.000162415;0.000291143;0.000338969;0.000240794;0.000116717;0.000366426;0.000586228;0.000580067;0.000412706;0.000258089;0.000516735;0.00077771;0.000759327;0.000486941;0.000396778;0.000580006;0.000909334;0.000900218;0.000615716;0.000464959;0.000610654;0.00099722;0.00101024;0.000721749;0.000486758;
linear interp, trapezoid rule, CPU ;32;0;3.24431e+08;3.08232;8; 0.117394;;0.00869468;0.0871511;0.0165595;0.0747859;0.0374326;0.0955457;0.0582777;0.0555296;0.0615725;0.0336958;0.117394;0.0585879;0.0475697;0.0556623;0.0414748;0.0982571;0.0562763;0.0606379;0.0694667;0.0332932;0.105544;0.0567648;0.065601;0.0797597;0.0408671;0.116296;0.0687412;0.0712632;0.0849537;0.0494576;
linear interp, CPU Sparse Matrix   ;32;0.259;327650;3052.04;8; 0.117441;;0.00859651;0.0868434;0.0163741;0.0748741;0.0377361;0.0959231;0.0583724;0.0550467;0.0626485;0.0337675;0.117441;0.0595277;0.0479756;0.0558376;0.0407828;0.0971658;0.0554544;0.0597005;0.0688939;0.0321615;0.104482;0.0585971;0.0646644;0.0809188;0.0411912;0.115746;0.0669345;0.0687283;0.0836319;0.0481771;
linear interp, GPU Sparse Matrix   ;32;0.604;399831;2501.06;8; 0.117441;;0.00859651;0.0868434;0.0163741;0.0748741;0.0377361;0.0959231;0.0583724;0.0550467;0.0626485;0.0337675;0.117441;0.0595277;0.0479756;0.0558376;0.0407828;0.0971658;0.0554544;0.0597005;0.0688939;0.0321615;0.104482;0.0585971;0.0646644;0.0809188;0.0411912;0.115746;0.0669345;0.0687283;0.0836319;0.0481771;
bicubic interp, trapezoid rule, CPU;32;0.002;3.25492e+08;3.07228;8; 0.000669616;;0.000633743;0.000187895;0.000359646;9.95896e-05;0.000299616;0.000192849;0.000387543;0.000669616;0.000251948;0.00032647;0.000351619;0.000255551;0.00038028;0.000246387;0.000433559;0.000255425;0.000330203;0.000442163;0.000218036;0.000496736;0.000270121;0.000379163;0.000471534;0.000208354;0.000538886;0.000288616;0.000414741;0.000485536;0.000227139;0.000566158;
bicubic interp, CPU Sparse Matrix  ;32;1.059;1.16014e+07;86.1967;8; 0.000669616;;0.000633744;0.000187896;0.000359647;9.95895e-05;0.000299616;0.000192849;0.00038754;0.000669616;0.000251949;0.000326479;0.000351619;0.000255549;0.000380279;0.000246387;0.00043356;0.000255312;0.000330202;0.000442164;0.000218037;0.000496736;0.000270122;0.000379165;0.000471548;0.000208354;0.00053889;0.000288613;0.000414743;0.000485537;0.000227139;0.000566162;
bicubic interp, GPU Sparse Matrix  ;32;4.807;6.74669e+06;148.221;8; 0.000669616;;0.000633744;0.000187896;0.000359647;9.95895e-05;0.000299616;0.000192849;0.00038754;0.000669616;0.000251949;0.000326479;0.000351619;0.000255549;0.000380279;0.000246387;0.00043356;0.000255312;0.000330202;0.000442164;0.000218037;0.000496736;0.000270122;0.000379165;0.000471548;0.000208354;0.00053889;0.000288613;0.000414743;0.000485537;0.000227139;0.000566162;
DCT+Bessel+IDCT                    ;32;0.006;511757;1954.05;8; 0.188174;;1.22474e-11;2.99204e-11;9.20729e-11;3.04019e-10;1.03146e-09;3.54906e-09;1.21945e-08;3.88847e-08;1.16348e-07;3.28036e-07;8.88455e-07;2.31278e-06;5.80164e-06;1.39991e-05;3.26941e-05;7.35868e-05;0.000160121;0.00033683;0.000684886;0.00134641;0.00256107;0.00471265;0.00837948;0.0144245;0.0240899;0.0387229;0.0604353;0.0911302;0.133115;0.188174;
DCT+Bessel+IDCT, on padded grid    ;32;0.06;6.79994e+06;147.06;8; 2.20877e-11;;4.01895e-12;5.27266e-12;3.6648e-12;5.32789e-12;4.86125e-12;3.26856e-12;6.69078e-12;5.09158e-12;7.72949e-12;9.20314e-12;4.34097e-12;9.21456e-12;7.05e-12;1.23151e-11;1.00757e-11;4.8975e-12;1.33409e-11;6.49958e-12;1.6572e-11;8.66853e-12;3.83004e-12;1.06063e-11;9.22873e-12;1.12899e-11;1.01332e-11;9.78161e-12;1.53512e-11;1.01243e-11;1.32836e-11;2.20877e-11;
linear interp, trapezoid rule, CPU ;48;0;6.68891e+08;1.49501;8; 0.0628155;;0.0370449;0.0272427;0.0147674;0.0398742;0.0327441;0.026085;0.0238673;0.0178126;0.0403617;0.0628155;0.0196814;0.0253897;0.0270658;0.0292571;0.0510931;0.0174242;0.0338397;0.033388;0.0305951;0.0305853;0.0177667;0.0351498;0.039186;0.0276691;0.0245779;0.0226224;0.0424346;0.0500593;0.0279801;0.0333044;
linear interp, CPU Sparse Matrix   ;48;0.746;2.14464e+06;466.278;8; 0.0623735;;0.0371243;0.0272523;0.0150535;0.0393832;0.0324285;0.0255344;0.0233673;0.0177343;0.0403944;0.0623735;0.0191849;0.0250194;0.0262834;0.0292115;0.050661;0.0174291;0.033486;0.0322193;0.0300553;0.0304288;0.0179804;0.0354223;0.0385336;0.0279195;0.0237569;0.0224297;0.0421625;0.0493405;0.0257787;0.0322471;
linear interp, GPU Sparse Matrix   ;48;2.149;985185;1015.04;8; 0.0623735;;0.0371243;0.0272523;0.0150535;0.0393832;0.0324285;0.0255344;0.0233673;0.0177343;0.0403944;0.0623735;0.0191849;0.0250194;0.0262834;0.0292115;0.050661;0.0174291;0.033486;0.0322193;0.0300553;0.0304288;0.0179804;0.0354223;0.0385336;0.0279195;0.0237569;0.0224297;0.0421625;0.0493405;0.0257787;0.0322471;
bicubic interp, trapezoid rule, CPU;48;0;6.40387e+08;1.56156;8; 9.19641e-05;;6.65585e-05;5.98325e-05;3.7385e-05;1.23717e-05;2.40037e-05;5.925e-05;3.88953e-05;9.19641e-05;3.93993e-05;6.24171e-05;4.35284e-05;3.42824e-05;4.84688e-05;3.69778e-05;3.60201e-05;5.66325e-05;3.13169e-05;5.42405e-05;4.8118e-05;3.52863e-05;6.44523e-05;2.93779e-05;5.54643e-05;5.68882e-05;3.56615e-05;6.86776e-05;3.61846e-05;5.34792e-05;6.41706e-05;3.65161e-05;
bicubic interp, CPU Sparse Matrix  ;48;3.507;3.64672e+07;27.4219;8; 9.19665e-05;;6.65586e-05;5.98325e-05;3.73837e-05;1.23796e-05;2.4003e-05;5.92391e-05;3.88986e-05;9.19665e-05;3.93994e-05;6.24142e-05;4.35293e-05;3.42737e-05;4.84691e-05;3.69689e-05;3.60211e-05;5.6633e-05;3.13179e-05;5.42408e-05;4.81219e-05;3.52854e-05;6.44518e-05;2.93779e-05;5.52527e-05;5.68877e-05;3.56621e-05;6.86774e-05;3.6186e-05;5.34797e-05;6.41684e-05;3.65168e-05;
bicubic interp, GPU Sparse Matrix  ;48;15.638;1.54319e+07;64.8007;8; 9.19665e-05;;6.65586e-05;5.98325e-05;3.73837e-05;1.23796e-05;2.4003e-05;5.92391e-05;3.88986e-05;9.19665e-05;3.93994e-05;6.24142e-05;4.35293e-05;3.42737e-05;4.84691e-05;3.69689e-05;3.60211e-05;5.6633e-05;3.13179e-05;5.42408e-05;4.81219e-05;3.52854e-05;6.44518e-05;2.93779e-05;5.52527e-05;5.68877e-05;3.56621e-05;6.86774e-05;3.6186e-05;5.34797e-05;6.41684e-05;3.65168e-05;
DCT+Bessel+IDCT                    ;48;0.016;1.64553e+06;607.708;8; 0.246046;;2.71939e-11;7.82058e-11;2.45576e-10;8.00239e-10;2.66151e-09;8.96826e-09;3.00964e-08;9.33692e-08;2.70614e-07;7.45491e-07;1.96287e-06;4.96864e-06;1.21155e-05;2.84732e-05;6.4604e-05;0.000141583;0.000299711;0.000613332;0.00121329;0.00232052;0.0042925;0.00768211;0.0132961;0.0222627;0.0360653;0.0565404;0.0857856;0.125926;0.178916;0.246046;
DCT+Bessel+IDCT, on padded grid    ;48;0.171;1.67099e+07;59.8448;8; 2.10149e-11;;5.56268e-12;3.63441e-12;4.18184e-12;5.30377e-12;3.61549e-12;6.14362e-12;7.75636e-12;7.5032e-12;1.03436e-11;5.71421e-12;7.62681e-12;7.61366e-12;8.43159e-12;9.68062e-12;5.02514e-12;1.06229e-11;9.81848e-12;6.2794e-12;1.20053e-11;7.82857e-12;1.27269e-11;1.1489e-11;7.27677e-12;1.36171e-11;8.59992e-12;7.93914e-12;1.26992e-11;1.48916e-11;1.61782e-11;2.10149e-11;
linear interp, trapezoid rule, CPU ;64;0;1.32e+09;0.757573;8; 0.0425753;;0.00678346;0.00343477;0.0154237;0.023919;0.0215391;0.0073814;0.0277953;0.00841158;0.018228;0.0243365;0.0124516;0.0338615;0.0139102;0.0105476;0.0192544;0.0183695;0.0297391;0.0203321;0.0115276;0.0190693;0.0251762;0.0119224;0.0313761;0.0143924;0.0142532;0.0250915;0.0222547;0.0425753;0.0217149;0.0104153;
linear interp, CPU Sparse Matrix   ;64;1.867;6.53831e+06;152.945;8; 0.0418353;;0.00682585;0.00339905;0.0155698;0.0235345;0.0216917;0.00736369;0.0272601;0.00813145;0.0189802;0.0235018;0.0120449;0.0337429;0.0137879;0.0103642;0.0187938;0.0179951;0.0289334;0.0199708;0.0113261;0.018702;0.0234461;0.0121645;0.0304017;0.0141342;0.0143194;0.0244011;0.0222091;0.0418353;0.0211979;0.00992696;
linear interp, GPU Sparse Matrix   ;64;5.249;2.30072e+06;434.647;8; 0.0418353;;0.00682585;0.00339905;0.0155698;0.0235345;0.0216917;0.00736369;0.0272601;0.00813145;0.0189802;0.0235018;0.0120449;0.0337429;0.0137879;0.0103642;0.0187938;0.0179951;0.0289334;0.0199708;0.0113261;0.018702;0.0234461;0.0121645;0.0304017;0.0141342;0.0143194;0.0244011;0.0222091;0.0418353;0.0211979;0.00992696;
bicubic interp, trapezoid rule, CPU;64;0.004;9.22125e+08;1.08445;8; 2.3326e-05;;2.2944e-05;2.01897e-05;8.00857e-06;4.26794e-06;3.8413e-06;6.21769e-06;1.86407e-05;2.3326e-05;1.56859e-05;8.50175e-06;9.76444e-06;1.09976e-05;1.23954e-05;1.32746e-05;1.00178e-05;8.603e-06;9.17779e-06;1.37764e-05;1.53742e-05;1.33235e-05;8.65094e-06;8.85151e-06;1.31269e-05;1.62921e-05;1.58959e-05;1.81249e-05;1.33655e-05;1.13436e-05;1.59642e-05;1.75983e-05;
bicubic interp, CPU Sparse Matrix  ;64;8.845;7.90231e+07;12.6545;8; 2.3324e-05;;2.2946e-05;2.01903e-05;8.00772e-06;4.26877e-06;3.84039e-06;6.21801e-06;1.86395e-05;2.3324e-05;1.56857e-05;8.50123e-06;9.76524e-06;1.09978e-05;1.23963e-05;1.28511e-05;1.00179e-05;8.60331e-06;9.17714e-06;1.37763e-05;1.53739e-05;1.33244e-05;8.65334e-06;8.84552e-06;1.3127e-05;1.62922e-05;1.58956e-05;1.13632e-05;8.95709e-06;1.13411e-05;1.59603e-05;1.75913e-05;
bicubic interp, GPU Sparse Matrix  ;64;40.698;2.98594e+07;33.4903;8; 2.3324e-05;;2.2946e-05;2.01903e-05;8.00772e-06;4.26877e-06;3.84039e-06;6.21801e-06;1.86395e-05;2.3324e-05;1.56857e-05;8.50123e-06;9.76524e-06;1.09978e-05;1.23963e-05;1.28511e-05;1.00179e-05;8.60331e-06;9.17714e-06;1.37763e-05;1.53739e-05;1.33244e-05;8.65334e-06;8.84552e-06;1.3127e-05;1.62922e-05;1.58956e-05;1.13632e-05;8.95709e-06;1.13411e-05;1.59603e-05;1.75913e-05;
DCT+Bessel+IDCT                    ;64;0.03;2.51504e+06;397.608;8; 0.278242;;4.31045e-11;1.26844e-10;3.96527e-10;1.27937e-09;4.20743e-09;1.40177e-08;4.64798e-08;1.42183e-07;4.06608e-07;1.10442e-06;2.8702e-06;7.16771e-06;1.72388e-05;3.99815e-05;8.94959e-05;0.000193482;0.000404115;0.00081577;0.00159204;0.00300423;0.00548265;0.00967794;0.0165269;0.0273046;0.0436394;0.0674938;0.101016;0.146305;0.20508;0.278242;
DCT+Bessel+IDCT, on padded grid    ;64;0.299;3.57572e+07;27.9664;8; 2.05778e-11;;3.75371e-12;3.94459e-12;4.44385e-12;5.0543e-12;5.34128e-12;3.42482e-12;5.44209e-12;7.76326e-12;8.94211e-12;9.31588e-12;8.17742e-12;7.24469e-12;7.49311e-12;1.30224e-11;1.24344e-11;1.03644e-11;5.20091e-12;9.21236e-12;8.66617e-12;1.43091e-11;1.16883e-11;5.72627e-12;1.00008e-11;1.0988e-11;1.51194e-11;1.23194e-11;1.82788e-11;1.17817e-11;1.06725e-11;2.05778e-11;
chebyshev interp, CPU Dense Matrix ;8;0.015;50353;19859.8;4; 0.706582;;0.670663;0.673815;0.676352;0.677193;0.675283;0.669604;0.659115;0.642655;0.618812;0.58576;0.54105;0.511745;0.653072;0.676062;0.689588;0.694782;0.692115;0.681459;0.662084;0.69856;0.706302;0.706582;0.699517;0.684679;0.680635;0.693138;0.697698;0.694605;0.683594;0.697384;
chebyshev interp, GPU Dense Matrix ;8;0.277;996297;1003.72;4; 0.706582;;0.670663;0.673815;0.676352;0.677193;0.675283;0.669604;0.659115;0.642655;0.618812;0.58576;0.541049;0.511745;0.653072;0.676062;0.689588;0.694782;0.692115;0.681459;0.662084;0.69856;0.706302;0.706582;0.699517;0.684679;0.680635;0.693138;0.697697;0.694605;0.683594;0.697384;
chebyshev interp, CPU Dense Matrix ;16;0.051;496167;2015.45;4; 0.0652353;;0.0597625;0.0490872;0.035111;0.0182433;0.0163681;0.0282773;0.0415235;0.058002;0.0632764;0.0600754;0.0430833;0.0367987;0.0419206;0.0437687;0.0544435;0.0652353;0.060946;0.0486812;0.0438062;0.0445381;0.0443654;0.0541749;0.0553782;0.0478248;0.0452362;0.0464565;0.0564544;0.0572069;0.0492206;0.0459662;
chebyshev interp, GPU Dense Matrix ;16;0.063;1.19775e+06;834.897;4; 0.0652354;;0.0597624;0.0490872;0.0351111;0.0182432;0.016368;0.0282773;0.0415232;0.058002;0.0632766;0.0600755;0.0430833;0.0367987;0.0419205;0.0437685;0.0544435;0.0652354;0.060946;0.0486812;0.0438062;0.0445381;0.0443653;0.0541748;0.0553783;0.0478246;0.0452362;0.0464564;0.0564543;0.0572068;0.0492205;0.0459661;
chebyshev interp, CPU Dense Matrix ;32;0.417;1.24463e+07;80.3452;4; 5.47322e-05;;1.48805e-05;1.25172e-05;2.99639e-05;2.91051e-05;9.21879e-06;2.07825e-05;4.46866e-05;3.90043e-05;1.77729e-05;3.83693e-05;5.47322e-05;3.29415e-05;2.58223e-05;4.74243e-05;4.71904e-05;2.34064e-05;2.85008e-05;4.45045e-05;2.70338e-05;2.72109e-05;3.33734e-05;2.88662e-05;2.93548e-05;3.009e-05;2.97984e-05;2.76255e-05;2.97157e-05;3.0323e-05;3.17674e-05;3.1254e-05;
chebyshev interp, GPU Dense Matrix ;32;0.752;3.32471e+06;300.778;4; 5.47882e-05;;1.50566e-05;1.24206e-05;2.969e-05;2.9041e-05;9.37372e-06;2.09758e-05;4.46866e-05;3.9154e-05;1.76743e-05;3.8469e-05;5.47882e-05;3.28791e-05;2.56151e-05;4.76139e-05;4.71696e-05;2.31343e-05;2.84637e-05;4.45247e-05;2.6859e-05;2.74003e-05;3.33648e-05;2.84221e-05;2.90348e-05;2.97441e-05;2.96109e-05;2.73729e-05;2.95518e-05;3.0205e-05;3.17036e-05;3.1047e-05;
chebyshev interp, CPU Dense Matrix ;48;2.729;7.03185e+07;14.221;4; 2.7595e-06;;6.86616e-07;1.03912e-06;3.76071e-07;5.68362e-07;1.38086e-06;1.15568e-06;6.16491e-07;7.48895e-07;7.86346e-07;1.19656e-06;1.23234e-06;1.62137e-06;1.31026e-06;1.51643e-06;2.2424e-06;2.4488e-06;1.77783e-06;1.50314e-06;1.51475e-06;1.16806e-06;1.50399e-06;1.62765e-06;1.92008e-06;1.98896e-06;2.05593e-06;1.91889e-06;2.34704e-06;2.24168e-06;2.3599e-06;2.7595e-06;
chebyshev interp, GPU Dense Matrix ;48;3.98;9.34722e+06;106.984;4; 2.41456e-06;;1.71654e-07;1.88931e-07;1.34311e-07;2.52605e-07;6.9043e-07;2.40767e-07;3.08245e-07;3.9317e-07;7.86346e-07;1.04699e-06;1.23234e-06;1.37193e-06;1.72402e-06;1.66807e-06;2.07629e-06;2.17671e-06;1.58029e-06;1.44946e-06;1.22345e-06;1.26277e-06;1.2989e-06;1.62765e-06;1.60007e-06;1.64305e-06;1.77557e-06;1.7169e-06;1.96496e-06;2.18269e-06;2.3599e-06;2.41456e-06;
chebyshev interp, CPU Dense Matrix ;64;8.131;2.0374e+08;4.90821;4; 2.7596e-06;;6.80646e-07;1.03101e-06;9.60652e-07;4.39804e-07;6.88154e-07;8.6573e-07;6.7835e-07;8.23613e-07;1.09208e-06;1.44491e-06;1.56818e-06;1.74583e-06;1.86124e-06;1.89542e-06;2.24226e-06;2.53913e-06;1.58026e-06;1.50294e-06;1.63102e-06;1.57836e-06;1.50394e-06;1.62722e-06;2.07974e-06;2.07542e-06;2.61668e-06;2.22188e-06;2.12847e-06;2.24167e-06;2.55129e-06;2.7596e-06;
chebyshev interp, GPU Dense Matrix ;64;29.858;1.62921e+07;61.3793;4; 2.62162e-06;;1.70161e-07;2.81185e-07;2.66848e-07;3.76975e-07;7.64615e-07;6.73346e-07;4.93346e-07;4.49243e-07;1.0484e-06;1.14597e-06;1.62419e-06;1.74583e-06;1.93018e-06;1.74378e-06;2.32531e-06;2.08572e-06;1.58026e-06;1.50294e-06;1.10677e-06;1.32583e-06;1.64066e-06;1.47929e-06;1.75978e-06;1.64304e-06;1.7756e-06;1.8179e-06;1.96474e-06;2.18268e-06;2.29616e-06;2.62162e-06;
linear interp, trapezoid rule, CPU ;8;0;8.08634e+06;123.665;4; 0.666244;;0.484378;0.477041;0.463775;0.442639;0.410773;0.364547;0.299125;0.237026;0.15804;0.196583;0.222025;0.329955;0.447321;0.466633;0.425007;0.389956;0.434622;0.452159;0.561635;0.666244;0.569957;0.466659;0.496283;0.45393;0.396525;0.42186;0.46595;0.481614;0.466237;0.424201;
linear interp, CPU Sparse Matrix   ;8;0.002;15603;64090.2;4; 0.666469;;0.484378;0.476706;0.46348;0.44238;0.410551;0.364363;0.298981;0.236354;0.157277;0.195003;0.221108;0.329522;0.446454;0.466059;0.42443;0.38804;0.433563;0.452112;0.56157;0.666469;0.571617;0.466763;0.494952;0.45355;0.39467;0.422381;0.466441;0.4806;0.466152;0.424613;
linear interp, GPU Sparse Matrix   ;8;0.013;140863;7099.1;4; 0.666469;;0.484378;0.476706;0.46348;0.44238;0.410551;0.364363;0.298981;0.236354;0.157277;0.195003;0.221107;0.329522;0.446454;0.466059;0.42443;0.38804;0.433563;0.452112;0.56157;0.666469;0.571617;0.466763;0.494952;0.45355;0.39467;0.422381;0.466441;0.4806;0.466152;0.424613;
bicubic interp, trapezoid rule, CPU;8;0;8.33019e+06;120.045;4; 0.289409;;0.0392071;0.0709812;0.105432;0.138432;0.166498;0.186744;0.196607;0.19338;0.17357;0.13233;0.070479;0.0985445;0.164917;0.198373;0.225067;0.241669;0.245727;0.236646;0.212911;0.23252;0.242641;0.238214;0.219655;0.187176;0.249995;0.278473;0.289409;0.283441;0.260679;0.239667;
bicubic interp, CPU Sparse Matrix  ;8;0.012;321972;3105.86;4; 0.289686;;0.0392071;0.0709811;0.105431;0.138432;0.166498;0.186745;0.196607;0.19338;0.173571;0.132329;0.0704785;0.0985838;0.164914;0.198352;0.22507;0.241704;0.245712;0.23663;0.212907;0.2329;0.242843;0.238347;0.219543;0.187262;0.250068;0.279868;0.289686;0.283839;0.260131;0.239201;
bicubic interp, GPU Sparse Matrix  ;8;0.049;328416;3044.92;4; 0.289647;;0.0392071;0.0709811;0.105431;0.138432;0.166498;0.186745;0.196607;0.19338;0.17357;0.132328;0.0704806;0.0985804;0.164925;0.198364;0.22505;0.241721;0.245734;0.236605;0.212933;0.232892;0.242839;0.238345;0.219542;0.187261;0.250099;0.279839;0.289647;0.28384;0.260103;0.239201;
DCT+Bessel+IDCT                    ;8;0;18583;53812.6;4; 0.193217;;0.025863;0.0475954;0.0713969;0.0941122;0.113006;0.125891;0.131077;0.127225;0.113193;0.0878919;0.0541522;0.0650092;0.121197;0.152258;0.172097;0.180926;0.17876;0.165375;0.140278;0.175914;0.184844;0.183188;0.170913;0.147729;0.167292;0.186199;0.193217;0.188623;0.172398;0.175103;
DCT+Bessel+IDCT, on padded grid    ;8;0.006;424665;2354.8;4; 0.207921;;0.0259304;0.0477224;0.0715937;0.0943814;0.113344;0.126287;0.13151;0.127665;0.113595;0.0881896;0.0548235;0.0655229;0.122436;0.154013;0.174269;0.183404;0.181417;0.168045;0.142737;0.179147;0.188094;0.186229;0.173459;0.149416;0.177779;0.199066;0.207921;0.204521;0.188628;0.185604;
linear interp, trapezoid rule, CPU ;16;0;3.64823e+07;27.4106;4; 0.295813;;0.226317;0.160193;0.0721705;0.108216;0.210035;0.208169;0.0952253;0.178784;0.225758;0.26845;0.173188;0.158315;0.172917;0.295813;0.169836;0.160739;0.177031;0.185064;0.250269;0.194174;0.141373;0.144444;0.203587;0.230044;0.206355;0.185044;0.168041;0.194702;0.217107;0.228557;
linear interp, CPU Sparse Matrix   ;16;0.017;38192;26183.5;4; 0.295675;;0.226154;0.160083;0.0717897;0.108002;0.210393;0.20746;0.0943007;0.179685;0.226917;0.267807;0.172321;0.15802;0.17378;0.295675;0.168634;0.160339;0.173802;0.184674;0.249486;0.191833;0.140202;0.145784;0.202952;0.22987;0.202836;0.185247;0.168939;0.193387;0.214714;0.224528;
linear interp, GPU Sparse Matrix   ;16;0.052;102895;9718.65;4; 0.295674;;0.226154;0.160083;0.0717897;0.108002;0.210393;0.20746;0.0943008;0.179685;0.226917;0.267807;0.172321;0.15802;0.17378;0.295674;0.168633;0.160339;0.173802;0.184674;0.249486;0.191833;0.140202;0.145784;0.202952;0.22987;0.202836;0.185247;0.168939;0.193387;0.214714;0.224528;
bicubic interp, trapezoid rule, CPU;16;0;3.7925e+07;26.3679;4; 0.0182714;;0.00899966;0.0124359;0.0126229;0.00769853;0.0021517;0.00812365;0.0125595;0.0134203;0.0110761;0.00630751;0.00916075;0.01375;0.0127076;0.00903489;0.0076094;0.0109469;0.0160377;0.0153745;0.00997432;0.00753027;0.0114198;0.0174186;0.0170796;0.0114978;0.00840034;0.0114199;0.0181701;0.0182714;0.0130404;0.00957366;
bicubic interp, CPU Sparse Matrix  ;16;0.098;1.59097e+06;628.547;4; 0.03936;;0.00899966;0.012436;0.0126227;0.00769832;0.00215145;0.00812375;0.0125593;0.0134288;0.0110935;0.00633156;0.00918237;0.0137778;0.0127502;0.0090962;0.007741;0.0110604;0.0163073;0.0155454;0.0101705;0.00768301;0.0122326;0.0175712;0.0177642;0.0171894;0.0119962;0.014061;0.0208941;0.0253703;0.0250665;0.03936;
bicubic interp, GPU Sparse Matrix  ;16;0.424;1.36818e+06;730.896;4; 0.0393598;;0.00899966;0.012436;0.0126226;0.00769839;0.00215157;0.00812365;0.0125587;0.0134278;0.0110883;0.00632972;0.00917952;0.013785;0.0127534;0.00909544;0.00774075;0.0110585;0.0163066;0.0155497;0.0101714;0.00768326;0.0122284;0.0175708;0.017763;0.0171872;0.0119973;0.0140641;0.0208937;0.0253707;0.0250674;0.0393598;
DCT+Bessel+IDCT                    ;16;0.001;110636;9038.65;4; 0.0690861;;6.42158e-05;9.78764e-05;0.000103876;6.48363e-05;3.03993e-05;0.000154746;0.000277248;0.00032254;0.000231969;0.000111617;0.000336649;0.000537619;0.000530449;0.000390877;0.000241324;0.000463468;0.000694507;0.000673683;0.000447047;0.000359036;0.000522003;0.0010113;0.00182345;0.00323389;0.00570165;0.00992813;0.0169838;0.0279788;0.0448205;0.0690861;
DCT+Bessel+IDCT, on padded grid    ;16;0.019;1.52661e+06;655.045;4; 0.00100987;;6.70048e-05;0.000102155;0.000108446;6.69029e-05;3.27689e-05;0.000162416;0.000291183;0.000339031;0.000240968;0.000117324;0.000367035;0.000587214;0.000580771;0.000412588;0.000258294;0.000516906;0.000777836;0.000759224;0.000486891;0.000397076;0.000580203;0.000909379;0.000900098;0.000615522;0.000463972;0.000611002;0.000997206;0.00100987;0.000721196;0.000486623;
linear interp, trapezoid rule, CPU ;32;0;1.70395e+08;5.86871;4; 0.117413;;0.00879365;0.0872316;0.0166553;0.0749205;0.0372895;0.0956309;0.0585087;0.0556353;0.0618676;0.0339575;0.117413;0.0586999;0.047572;0.0556747;0.0414059;0.0982572;0.0562829;0.0606382;0.0694667;0.0332991;0.105545;0.0567645;0.0656016;0.0797592;0.0408675;0.116297;0.0687408;0.0712641;0.0849532;0.0494584;
linear interp, CPU Sparse Matrix   ;32;0.238;245061;4080.62;4; 0.117441;;0.00859646;0.0868435;0.0163742;0.0748741;0.0377363;0.0959232;0.0583725;0.0550466;0.0626486;0.0337676;0.117441;0.0595278;0.0479756;0.0558381;0.040783;0.0971658;0.0554548;0.0597006;0.0688941;0.0321623;0.104483;0.0585993;0.0646648;0.0809196;0.0411915;0.115748;0.0669354;0.0687311;0.0836321;0.0481775;
linear interp, GPU Sparse Matrix   ;32;0.48;245950;4065.87;4; 0.117441;;0.00859651;0.0868435;0.0163742;0.0748741;0.0377361;0.0959232;0.0583724;0.0550467;0.0626486;0.0337677;0.117441;0.0595278;0.0479753;0.0558382;0.0407827;0.0971657;0.0554549;0.0597006;0.0688941;0.0321624;0.104483;0.0585992;0.0646648;0.0809195;0.0411912;0.115748;0.0669354;0.0687311;0.0836321;0.0481775;
bicubic interp, trapezoid rule, CPU;32;0;1.68779e+08;5.92491;4; 0.000692869;;0.000633612;0.00018626;0.000357813;0.000112814;0.000318629;0.00024446;0.000398111;0.000692869;0.000281121;0.000417977;0.000465812;0.000270956;0.000396241;0.000239207;0.000449036;0.00028877;0.000344282;0.000449193;0.000220349;0.000499771;0.000280219;0.000379036;0.000470077;0.000214002;0.000539369;0.000294638;0.000412305;0.000482101;0.000242466;0.000566712;
bicubic interp, CPU Sparse Matrix  ;32;0.892;8.41555e+06;118.828;4; 0.0239359;;0.0006337;0.00018626;0.000357813;0.00011235;0.000319094;0.00024475;0.00039805;0.000694291;0.000280507;0.000418375;0.000467212;0.00036346;0.000420337;0.000472239;0.000761931;0.000788017;0.00136747;0.00137144;0.0034508;0.00219268;0.00455747;0.00381884;0.00436587;0.00507991;0.00784128;0.0108026;0.0101551;0.0149144;0.0184936;0.0239359;
bicubic interp, GPU Sparse Matrix  ;32;3.595;5.26708e+06;189.858;4; 0.0239357;;0.000633612;0.00018655;0.000358142;0.00011227;0.000318939;0.000245523;0.000397742;0.000694516;0.000281385;0.000419172;0.000466932;0.000362645;0.000430141;0.000477942;0.000763755;0.000789196;0.00136746;0.0013718;0.00345165;0.00219345;0.00455765;0.00381795;0.00436543;0.00508048;0.0078413;0.0108035;0.0101551;0.0149145;0.0184892;0.0239357;
DCT+Bessel+IDCT                    ;32;0.006;424011;2358.43;4; 0.188173;;2.64152e-07;1.93316e-07;3.28671e-07;1.92325e-07;3.09875e-07;2.89988e-07;3.08184e-07;3.74321e-07;5.04352e-07;1.09627e-06;1.3445e-06;2.36144e-06;5.93579e-06;1.40501e-05;3.27762e-05;7.3675e-05;0.000160144;0.000336816;0.00068495;0.00134645;0.00256109;0.00471267;0.00837938;0.0144244;0.0240897;0.0387227;0.0604349;0.0911295;0.133114;0.188173;
DCT+Bessel+IDCT, on padded grid    ;32;0.058;5.85323e+06;170.846;4; 2.1388e-06;;8.80506e-08;1.93316e-07;1.64336e-07;1.92325e-07;1.54938e-07;2.89988e-07;3.6982e-07;2.99457e-07;5.92066e-07;9.96606e-07;1.28848e-06;1.49734e-06;1.44991e-06;1.21309e-06;1.57994e-06;2.08662e-06;1.28426e-06;1.55709e-06;9.322e-07;9.47015e-07;1.02569e-06;1.33229e-06;1.27977e-06;1.55638e-06;1.21817e-06;1.61611e-06;1.85723e-06;1.82882e-06;1.84991e-06;2.1388e-06;
linear interp, trapezoid rule, CPU ;48;0;3.93676e+08;2.54016;4; 0.0627841;;0.0370784;0.0271829;0.0147037;0.0397927;0.0328054;0.0262222;0.0240469;0.0178957;0.0405831;0.0627841;0.0198572;0.0254152;0.0270682;0.0292915;0.0510938;0.0174019;0.0338402;0.0333885;0.0305953;0.0305859;0.017767;0.0351495;0.0391868;0.0276689;0.0245789;0.0226235;0.0424339;0.0500606;0.0279795;0.0333039;
linear interp, CPU Sparse Matrix   ;48;0.704;993418;1006.63;4; 0.0623737;;0.0371244;0.0272523;0.0150535;0.0393832;0.0324286;0.0255344;0.0233674;0.0177341;0.0403947;0.0623737;0.019185;0.0250197;0.0262837;0.0292122;0.0506619;0.0174293;0.0334876;0.0322201;0.0300552;0.0304277;0.0179807;0.0354241;0.0385343;0.0279201;0.0237586;0.0224311;0.0421626;0.0493437;0.0257778;0.0322515;
linear interp, GPU Sparse Matrix   ;48;1.707;499503;2001.99;4; 0.0623736;;0.0371244;0.0272523;0.0150535;0.0393832;0.0324286;0.0255345;0.0233674;0.0177342;0.0403947;0.0623736;0.0191851;0.0250196;0.0262834;0.0292123;0.0506619;0.0174291;0.0334873;0.0322199;0.0300552;0.0304278;0.0179807;0.0354241;0.0385345;0.02792;0.0237589;0.022431;0.0421625;0.0493437;0.0257776;0.0322514;
bicubic interp, trapezoid rule, CPU;48;0;3.57697e+08;2.79566;4; 0.000881115;;0.000238441;0.000248916;0.000287855;0.000197474;0.000432669;0.000369626;0.000417673;0.000636486;0.000372815;0.000747901;0.000706189;0.000427325;0.000881115;0.000457885;0.000818973;0.000643989;0.000510125;0.000705631;0.00055909;0.000695485;0.000720574;0.000480943;0.000787054;0.000680817;0.000564574;0.000744579;0.000467593;0.000826518;0.00065913;0.000485482;
bicubic interp, CPU Sparse Matrix  ;48;2.886;2.77282e+07;36.0643;4; 0.0179717;;0.000238669;0.000247971;0.000288876;0.000196906;0.000432823;0.000367507;0.000416994;0.000637234;0.000374213;0.000750194;0.000708822;0.000435308;0.00088508;0.000474291;0.000827444;0.000648507;0.000975953;0.00134405;0.00342627;0.00195892;0.0028144;0.00375804;0.00370632;0.00412211;0.00724028;0.0111682;0.00869267;0.0146878;0.0146818;0.0179717;
bicubic interp, GPU Sparse Matrix  ;48;12.801;1.27792e+07;78.2524;4; 0.0179736;;0.000238846;0.000248255;0.000288661;0.000196716;0.0004329;0.000368374;0.000417981;0.000637983;0.000374388;0.000748499;0.000707645;0.000431909;0.000888873;0.000482138;0.000831929;0.000637913;0.000975706;0.00134117;0.00342666;0.00195908;0.00281589;0.00375697;0.00370676;0.00412302;0.00724018;0.0111705;0.00869204;0.0146887;0.0146812;0.0179736;
DCT+Bessel+IDCT                    ;48;0.016;1.58907e+06;629.299;4; 0.246045;;1.71654e-07;1.88931e-07;2.14897e-07;1.89454e-07;6.13715e-07;1.92614e-07;3.08245e-07;4.11892e-07;7.86346e-07;1.09685e-06;1.98299e-06;4.9586e-06;1.21492e-05;2.84722e-05;6.46586e-05;0.000141601;0.000299741;0.000613432;0.00121336;0.00232062;0.00429248;0.00768211;0.0132961;0.0222627;0.0360652;0.0565402;0.0857852;0.125925;0.178915;0.246045;
DCT+Bessel+IDCT, on padded grid    ;48;0.178;1.31537e+07;76.024;4; 2.41456e-06;;2.57481e-07;1.88931e-07;1.07449e-07;2.52605e-07;5.37001e-07;2.88921e-07;3.08245e-07;3.74447e-07;7.86346e-07;1.04699e-06;1.23234e-06;1.49665e-06;1.72402e-06;1.81971e-06;2.15934e-06;2.3581e-06;1.58029e-06;1.44946e-06;1.22345e-06;1.38904e-06;1.36726e-06;1.62765e-06;1.60007e-06;1.64305e-06;1.77557e-06;1.81789e-06;2.07413e-06;2.1237e-06;2.3599e-06;2.41456e-06;
linear interp, trapezoid rule, CPU ;64;0;6.16264e+08;1.62268;4; 0.0425764;;0.00677141;0.00348341;0.0153806;0.0238612;0.0214689;0.00737347;0.0278614;0.00841957;0.0183905;0.0245039;0.0124967;0.0338599;0.013912;0.0105792;0.0192613;0.0183725;0.0297395;0.0203328;0.0115281;0.0190692;0.0251761;0.0119226;0.0313767;0.0143931;0.0142528;0.0250913;0.0222543;0.0425764;0.0217164;0.0104156;
linear interp, CPU Sparse Matrix   ;64;1.292;4.05181e+06;246.803;4; 0.0418387;;0.00682594;0.00339905;0.0155699;0.0235345;0.0216918;0.0073639;0.0272604;0.00813191;0.0189803;0.0235023;0.0120454;0.033743;0.0137883;0.0103646;0.0187951;0.0179956;0.0289357;0.0199711;0.0113273;0.0187028;0.0234469;0.0121661;0.0304043;0.0141347;0.0143197;0.0244034;0.0222113;0.0418387;0.021202;0.00992746;
linear interp, GPU Sparse Matrix   ;64;3.791;995806;1004.21;4; 0.0418386;;0.00682577;0.00339905;0.0155699;0.0235346;0.0216919;0.00736386;0.0272604;0.00813176;0.0189802;0.0235021;0.0120453;0.0337429;0.0137882;0.0103646;0.0187945;0.0179957;0.0289357;0.019971;0.011327;0.0187025;0.0234469;0.0121659;0.0304041;0.0141348;0.0143196;0.024403;0.0222112;0.0418386;0.0212021;0.0099276;
bicubic interp, trapezoid rule, CPU;64;0;7.22929e+08;1.38326;4; 0.00238006;;0.000717597;0.000614389;0.000465289;0.000440652;0.000526667;0.00068816;0.00094377;0.0010987;0.00119788;0.00115708;0.00105393;0.0019398;0.00165089;0.0016456;0.0014589;0.00155254;0.00238006;0.00167039;0.00140159;0.00127925;0.00113681;0.00118828;0.00138951;0.00122343;0.00113851;0.0009943;0.00104653;0.00140033;0.00128861;0.00128252;
bicubic interp, CPU Sparse Matrix  ;64;7.009;6.09783e+07;16.3993;4; 0.0168054;;0.000718002;0.00061522;0.000466036;0.000440306;0.000526132;0.000687967;0.000945373;0.0010984;0.00119587;0.00115907;0.00105096;0.00193784;0.00165228;0.0016504;0.00145915;0.0015465;0.00236746;0.00167076;0.00192701;0.00156315;0.00211235;0.0023993;0.00341887;0.00421193;0.00480455;0.0083316;0.00764285;0.0100096;0.0153865;0.0168054;
bicubic interp, GPU Sparse Matrix  ;64;29.546;2.29428e+07;43.5866;4; 0.0168069;;0.0007184;0.000615115;0.000466023;0.000440338;0.000526132;0.000687871;0.000945312;0.00109967;0.00119858;0.00115588;0.00105035;0.00193881;0.00165235;0.00164043;0.00147093;0.00155352;0.00238512;0.00167191;0.00192722;0.00156198;0.00211356;0.00239997;0.00341961;0.00421251;0.00480539;0.00833065;0.00764217;0.0100101;0.0153865;0.0168069;
DCT+Bessel+IDCT                    ;64;0.03;2.0874e+06;479.065;4; 0.278241;;1.70161e-07;2.81185e-07;3.20217e-07;2.51316e-07;7.64615e-07;7.69538e-07;4.31677e-07;5.24117e-07;1.13577e-06;1.14597e-06;2.99089e-06;7.20592e-06;1.73389e-05;4.01164e-05;8.95919e-05;0.000193495;0.000404072;0.000815899;0.00159201;0.00300428;0.00548266;0.00967798;0.0165269;0.0273046;0.0436393;0.0674936;0.101016;0.146304;0.20508;0.278241;
DCT+Bessel+IDCT, on padded grid    ;64;0.321;2.74727e+07;36.3998;4; 2.62162e-06;;2.55242e-07;2.81185e-07;3.20217e-07;3.14145e-07;7.64615e-07;7.69538e-07;3.70009e-07;3.7437e-07;9.61033e-07;1.19579e-06;1.56818e-06;1.62113e-06;1.93018e-06;1.66797e-06;2.07617e-06;2.08572e-06;1.48149e-06;1.39558e-06;1.07764e-06;1.13642e-06;1.43558e-06;1.70119e-06;1.67979e-06;1.72952e-06;1.86906e-06;1.8179e-06;1.96474e-06;2.12369e-06;2.16859e-06;2.62162e-06;
