Calculator,N,Init time (s), Calc.time(s), Calc.Freq(hz), Bytes, MaxError, FirstBlank, Err1, Err2, Err3, Blank
linear interp; trapezoid rule; CPU ,4,0,2.49712e+06,400.461,8, 0.656698,,0.477069,0.601015,0.451392,0.416653,0.474812,0.656698,0.648671,0.516321,
linear interp; trapezoid rule; CPU ,8,0,8.50129e+06,117.629,8, 0.556025,,0.498997,0.231015,0.325775,0.293417,0.556025,0.330658,0.287003,0.335623,
linear interp; trapezoid rule; CPU ,12,0,1.53002e+07,65.3588,8, 0.387365,,0.387365,0.225494,0.239559,0.309957,0.274536,0.262389,0.265298,0.322512,
linear interp; trapezoid rule; CPU ,16,0,2.13998e+07,46.7295,8, 0.307531,,0.307531,0.255158,0.222825,0.210556,0.22633,0.205529,0.191207,0.198117,
linear interp; trapezoid rule; CPU ,20,0,2.51234e+07,39.8036,8, 0.224886,,0.224886,0.138942,0.137539,0.202637,0.185348,0.169063,0.158728,0.16126,
linear interp; trapezoid rule; CPU ,24,0,3.74258e+07,26.7196,8, 0.176265,,0.132543,0.1119,0.115108,0.13369,0.1562,0.144851,0.149872,0.176265,
linear interp; trapezoid rule; CPU ,28,0,8.84324e+07,11.3081,8, 0.14415,,0.0555032,0.0900584,0.0999693,0.0881556,0.113099,0.104033,0.115197,0.14415,
linear interp; trapezoid rule; CPU ,32,0,1.12479e+08,8.89058,8, 0.114846,,0.0261591,0.0640098,0.0828799,0.0613715,0.114846,0.110039,0.104057,0.095225,
linear interp; trapezoid rule; CPU ,36,0,1.35309e+08,7.39048,8, 0.0932052,,0.0816286,0.0849616,0.0690344,0.0932052,0.0728481,0.0885556,0.0623188,0.0791534,
linear interp; trapezoid rule; CPU ,40,0,1.56648e+08,6.38374,8, 0.105295,,0.105295,0.0530189,0.0586226,0.0642678,0.0624116,0.0575449,0.0722996,0.0711061,
linear interp; trapezoid rule; CPU ,44,0,1.77847e+08,5.6228,8, 0.0965434,,0.0965434,0.0627172,0.0418995,0.0702185,0.045654,0.0583213,0.0495509,0.0834689,
linear interp; trapezoid rule; CPU ,48,0,2.05793e+08,4.85925,8, 0.0757789,,0.0757789,0.0480723,0.0532874,0.0477904,0.0375789,0.0625471,0.0704029,0.0656445,
linear interp; trapezoid rule; CPU ,52,0,2.31821e+08,4.31368,8, 0.0438601,,0.0429053,0.0299376,0.0330312,0.0295487,0.0290507,0.0388623,0.0406405,0.0438601,
linear interp; trapezoid rule; CPU ,56,0,2.60815e+08,3.83413,8, 0.0558025,,0.0222797,0.0523206,0.0406776,0.0385188,0.0315557,0.0538768,0.0558025,0.0403116,
linear interp; trapezoid rule; CPU ,60,0,2.98792e+08,3.34681,8, 0.055662,,0.0166625,0.034825,0.0328508,0.0373263,0.0317039,0.0501269,0.0329045,0.055662,
linear interp; trapezoid rule; CPU ,64,0,3.34094e+08,2.99317,8, 0.0546391,,0.0360807,0.0182258,0.0266899,0.0314249,0.0358086,0.0205654,0.0436471,0.0546391,
linear interp; trapezoid rule; CPU ,68,0,3.68216e+08,2.7158,8, 0.0422026,,0.0289623,0.0221865,0.0422026,0.0392061,0.036881,0.0365569,0.0359394,0.0338693,
linear interp; trapezoid rule; CPU ,72,0,4.04219e+08,2.47391,8, 0.04571,,0.04571,0.024751,0.0149621,0.0244219,0.0396847,0.0414477,0.0339253,0.0233827,
linear interp; trapezoid rule; CPU ,76,0,4.58341e+08,2.18178,8, 0.0388922,,0.0388922,0.0165419,0.0248907,0.0132509,0.021877,0.0233207,0.0358972,0.0313256,
linear interp; trapezoid rule; CPU ,80,0,4.96754e+08,2.01307,8, 0.0311468,,0.0289713,0.0186771,0.0191444,0.0198986,0.0274296,0.0220891,0.0282949,0.0311468,
linear interp; trapezoid rule; CPU ,84,0,5.48964e+08,1.82161,8, 0.0361972,,0.0167967,0.0158255,0.0205175,0.0237738,0.0280856,0.0238603,0.0361972,0.0308853,
linear interp; trapezoid rule; CPU ,88,0,5.94775e+08,1.68131,8, 0.0287861,,0.00890475,0.0163451,0.0267637,0.0183842,0.0287861,0.0232447,0.0184303,0.0195631,
linear interp; trapezoid rule; CPU ,92,0,6.50351e+08,1.53763,8, 0.0258964,,0.00856703,0.0183204,0.00975358,0.0252247,0.0258964,0.0117674,0.0198819,0.022656,
linear interp; trapezoid rule; CPU ,96,0,7.15879e+08,1.39688,8, 0.0299193,,0.0243758,0.0112039,0.0160709,0.0146117,0.0219858,0.0299193,0.0156535,0.0268808,
linear interp; trapezoid rule; CPU ,100,0,7.80111e+08,1.28187,8, 0.0308836,,0.0144419,0.0203754,0.0121203,0.00848289,0.0170585,0.0235457,0.0231528,0.0308836,
linear interp; trapezoid rule; CPU ,104,0,8.43278e+08,1.18585,8, 0.0220965,,0.0220965,0.0138574,0.0139548,0.0136841,0.0135514,0.00977955,0.0113488,0.0187689,
linear interp; trapezoid rule; CPU ,108,0,9.08287e+08,1.10097,8, 0.0229168,,0.0215659,0.00836266,0.0198444,0.016104,0.00960762,0.0205598,0.0229168,0.0111293,
linear interp; trapezoid rule; CPU ,112,0,9.85871e+08,1.01433,8, 0.0216101,,0.0171258,0.0125963,0.00796602,0.0118528,0.00832515,0.0190527,0.0134546,0.0216101,
linear interp; trapezoid rule; CPU ,116,0,1.06036e+09,0.943077,8, 0.019738,,0.0119598,0.0111973,0.010904,0.0183091,0.0092345,0.0106121,0.019738,0.0130221,
linear interp; trapezoid rule; CPU ,120,0,1.12872e+09,0.885959,8, 0.0182946,,0.00473606,0.00605801,0.00768116,0.00939249,0.0109522,0.0130329,0.0146901,0.0182946,
linear interp; trapezoid rule; CPU ,124,0,1.21476e+09,0.823211,8, 0.0161335,,0.00798486,0.00756976,0.0104241,0.00739775,0.0138921,0.0161335,0.0147499,0.0110631,
linear interp; trapezoid rule; CPU ,128,0,1.28923e+09,0.775658,8, 0.0183909,,0.0183909,0.0083239,0.0141523,0.0099145,0.0164468,0.0123721,0.017813,0.0141952,
linear interp; trapezoid rule; CPU ,132,0,1.38614e+09,0.721429,8, 0.0182333,,0.00845892,0.0080346,0.0060653,0.0108629,0.0182333,0.00818723,0.0107359,0.0156759,
linear interp; trapezoid rule; CPU ,136,0,1.47163e+09,0.679517,8, 0.0205618,,0.0149224,0.00960451,0.00776327,0.00712398,0.00668381,0.0205618,0.0193791,0.0194462,
linear interp; trapezoid rule; CPU ,140,0,1.5595e+09,0.641232,8, 0.0146103,,0.0146103,0.00554332,0.00596465,0.0134111,0.0104696,0.012597,0.00807599,0.00967484,
linear interp; trapezoid rule; CPU ,144,0,1.66766e+09,0.599642,8, 0.0120441,,0.011917,0.010107,0.00819579,0.00674293,0.0120441,0.00518642,0.0102058,0.00904741,
linear interp; trapezoid rule; CPU ,148,0,1.76757e+09,0.565749,8, 0.0152364,,0.00652765,0.00806253,0.0109067,0.00537912,0.0128302,0.0152364,0.00657413,0.0115719,
linear interp; trapezoid rule; CPU ,152,0,1.85184e+09,0.540003,8, 0.0133636,,0.00324595,0.00397314,0.00496655,0.00745712,0.0113664,0.0122538,0.0100809,0.0133636,
linear interp; trapezoid rule; CPU ,156,0,1.95608e+09,0.511226,8, 0.0133731,,0.00595899,0.0125015,0.00577402,0.00879782,0.0100248,0.00686459,0.00742978,0.0133731,
linear interp; trapezoid rule; CPU ,160,0,2.12324e+09,0.470979,8, 0.0131267,,0.0131267,0.0067761,0.00419756,0.00490854,0.00882128,0.00964496,0.0113305,0.00996293,
linear interp; trapezoid rule; CPU ,164,0,2.29373e+09,0.435972,8, 0.0109314,,0.00608641,0.00362909,0.00703987,0.0106519,0.00710419,0.00963405,0.00681314,0.0109314,
linear interp; trapezoid rule; CPU ,168,0,2.31818e+09,0.431372,8, 0.0113763,,0.00991124,0.00336348,0.00879273,0.00499104,0.00470263,0.00706453,0.0113763,0.00916967,
linear interp; trapezoid rule; CPU ,172,0,2.40348e+09,0.416064,8, 0.0133003,,0.0101288,0.00605144,0.00440343,0.0039078,0.0038166,0.00616346,0.0100325,0.0133003,
linear interp; trapezoid rule; CPU ,176,0,2.5638e+09,0.390045,8, 0.00838416,,0.00776287,0.00387831,0.00417762,0.00562511,0.00499446,0.00575677,0.00838416,0.00669567,
linear interp; trapezoid rule; CPU ,180,0,2.68101e+09,0.372994,8, 0.0111124,,0.00466817,0.00544413,0.00317348,0.00720414,0.00655444,0.00866608,0.0111124,0.00689504,
linear interp; trapezoid rule; CPU ,184,0,2.80492e+09,0.356516,8, 0.0103762,,0.0018948,0.00410194,0.00624876,0.00663442,0.00820007,0.0033123,0.0103762,0.0089435,
linear interp; trapezoid rule; CPU ,188,0,2.88627e+09,0.346469,8, 0.0147142,,0.00441284,0.00592162,0.00664294,0.00842896,0.00966046,0.0117361,0.0131483,0.0147142,
linear interp; trapezoid rule; CPU ,192,0,3.03379e+09,0.32962,8, 0.0113888,,0.0103856,0.0053496,0.0040671,0.00401453,0.0113888,0.00796289,0.00562795,0.00856462,
linear interp; trapezoid rule; CPU ,196,0,3.18916e+09,0.313562,8, 0.00447543,,0.00426243,0.00271822,0.00301802,0.00397337,0.00356714,0.00384659,0.00447543,0.00427002,
linear interp; trapezoid rule; CPU ,200,0,3.33787e+09,0.299592,8, 0.00868311,,0.00747391,0.00739211,0.0022359,0.00523317,0.00614429,0.00838688,0.00387967,0.00868311,
linear interp; trapezoid rule; CPU ,204,0,3.54361e+09,0.282198,8, 0.00805338,,0.00805338,0.00485231,0.00520268,0.00576275,0.00712564,0.00747336,0.00594684,0.00560396,
linear interp; trapezoid rule; CPU ,208,0,3.61699e+09,0.276473,8, 0.00995136,,0.00617321,0.00201052,0.00541807,0.00275714,0.00694415,0.00435525,0.0033747,0.00995136,
linear interp; trapezoid rule; CPU ,212,0,3.80548e+09,0.262779,8, 0.00732959,,0.00356041,0.00296144,0.00355845,0.00690144,0.00732959,0.00453463,0.00666109,0.00455143,
linear interp; trapezoid rule; CPU ,216,0,3.93521e+09,0.254116,8, 0.00595873,,0.00148399,0.00422147,0.00224933,0.0029373,0.00550597,0.00545201,0.0047333,0.00595873,
linear interp; trapezoid rule; CPU ,220,0,4.1223e+09,0.242583,8, 0.00704163,,0.00419212,0.00223958,0.00187951,0.00318851,0.005076,0.00559787,0.00672912,0.00704163,
linear interp; trapezoid rule; CPU ,224,0,4.23667e+09,0.236035,8, 0.0124014,,0.00853038,0.0034036,0.00468504,0.0047391,0.00328524,0.00348813,0.00621,0.0124014,
linear interp; trapezoid rule; CPU ,228,0,4.4786e+09,0.223284,8, 0.00955709,,0.00347808,0.00322627,0.00443922,0.00472699,0.00317811,0.00955709,0.00630599,0.00656734,
linear interp; trapezoid rule; CPU ,232,0,4.65414e+09,0.214863,8, 0.0108055,,0.00629321,0.00372726,0.00343795,0.0108055,0.00190882,0.00635297,0.00819617,0.00338592,
linear interp; trapezoid rule; CPU ,236,0,4.81405e+09,0.207725,8, 0.00630769,,0.00617653,0.00384543,0.00228744,0.00587483,0.00312143,0.00258508,0.00458652,0.00630769,
linear interp; trapezoid rule; CPU ,240,0,4.93005e+09,0.202838,8, 0.00966979,,0.00464637,0.00215048,0.00161141,0.0024434,0.00431462,0.0069447,0.00966979,0.00345873,
linear interp; trapezoid rule; CPU ,244,0,5.15104e+09,0.194136,8, 0.00720079,,0.00277681,0.00482464,0.00339376,0.00273484,0.00580197,0.00596032,0.00387651,0.00720079,
linear interp; trapezoid rule; CPU ,248,0,5.2849e+09,0.189218,8, 0.00721194,,0.00103967,0.00379687,0.00343235,0.00389721,0.00721194,0.00366495,0.00313199,0.0055101,
linear interp; trapezoid rule; CPU ,252,0,5.47923e+09,0.182508,8, 0.00525116,,0.00325432,0.00155657,0.00333257,0.00386128,0.00490473,0.00495265,0.00260574,0.00525116,
linear interp; trapezoid rule; CPU ,256,0,5.80235e+09,0.172344,8, 0.00691975,,0.00691975,0.00621371,0.00260169,0.00158638,0.00238595,0.00332463,0.00500273,0.00607469,
linear interp; trapezoid rule; CPU ,260,0,5.86998e+09,0.170358,8, 0.00896081,,0.00244188,0.00351294,0.00164486,0.00456922,0.00472196,0.00421516,0.00243935,0.00896081,
linear interp; trapezoid rule; CPU ,264,0,6.03967e+09,0.165572,8, 0.00500368,,0.00479792,0.00143665,0.00342491,0.0024158,0.00500368,0.00284829,0.00497111,0.0039739,
linear interp; trapezoid rule; CPU ,268,0,6.26983e+09,0.159494,8, 0.00490517,,0.00489622,0.00168688,0.0030026,0.00276021,0.00490517,0.00478374,0.0037858,0.00341368,
linear interp; trapezoid rule; CPU ,272,0,6.55183e+09,0.152629,8, 0.00572458,,0.00388105,0.00254949,0.00306949,0.00337923,0.00430914,0.00477348,0.00510481,0.00572458,
linear interp; trapezoid rule; CPU ,276,0,6.64922e+09,0.150394,8, 0.00611584,,0.00229724,0.00228943,0.00409946,0.00320906,0.00406343,0.00205352,0.00492957,0.00611584,
linear interp; trapezoid rule; CPU ,280,0,6.8828e+09,0.14529,8, 0.00612324,,0.000869355,0.00277033,0.00149289,0.0017323,0.00306526,0.00612324,0.00469474,0.00596823,
linear interp; trapezoid rule; CPU ,284,0,7.15637e+09,0.139736,8, 0.00655936,,0.00286193,0.00208412,0.00295843,0.00412645,0.00303137,0.00462648,0.00655936,0.00217797,
linear interp; trapezoid rule; CPU ,288,0,7.34182e+09,0.136206,8, 0.00586914,,0.00586914,0.00315276,0.0025219,0.00172105,0.00213329,0.00295201,0.00338167,0.00483536,
linear interp; trapezoid rule; CPU ,292,0,7.51853e+09,0.133005,8, 0.298087,,0.00200579,0.00300615,0.00322715,0.00225832,0.00143844,0.298087,0.00785537,0.00388682,
linear interp; trapezoid rule; CPU ,296,0,7.67801e+09,0.130242,8, 0.00903029,,0.00405507,0.00120751,0.00486863,0.00903029,0.00232803,0.00381747,0.00309968,0.00740876,
linear interp; trapezoid rule; CPU ,300,0,7.99935e+09,0.12501,8, 0.00440056,,0.00386024,0.00440056,0.00424532,0.00289629,0.00332475,0.00320561,0.00225139,0.00295443,
linear interp; trapezoid rule; CPU ,304,0,8.22503e+09,0.12158,8, 0.0043959,,0.00306882,0.00267482,0.00260703,0.00172321,0.0043959,0.00237403,0.00240204,0.00261485,
linear interp; trapezoid rule; CPU ,308,0,8.39458e+09,0.119125,8, 0.00561377,,0.00174634,0.000941118,0.00188448,0.00345942,0.00561377,0.00451488,0.00345482,0.00417516,
linear interp; trapezoid rule; CPU ,312,0,8.57965e+09,0.116555,8, 0.00451889,,0.000712033,0.0011464,0.00243857,0.00143503,0.00202829,0.00387662,0.00207442,0.00451889,
linear interp; trapezoid rule; CPU ,316,0,8.81467e+09,0.113447,8, 0.0041893,,0.00245947,0.00227145,0.0041893,0.00193463,0.00197571,0.00122215,0.0041578,0.00390483,
linear interp; trapezoid rule; CPU ,320,0,9.2084e+09,0.108597,8, 0.00588815,,0.00504706,0.00138576,0.0016055,0.00291263,0.00313917,0.00588815,0.00307093,0.00206721,
linear interp; trapezoid rule; CPU ,324,0,9.42314e+09,0.106122,8, 0.00386854,,0.00180107,0.00173675,0.00174103,0.00229553,0.003491,0.00373056,0.00352153,0.00386854,
linear interp; trapezoid rule; CPU ,328,0,9.54235e+09,0.104796,8, 0.00408947,,0.00330314,0.00194334,0.00158232,0.00158335,0.00374484,0.00180349,0.00408947,0.00337948,
linear interp; trapezoid rule; CPU ,332,0,9.83484e+09,0.101679,8, 0.207506,,0.00342905,0.00228558,0.00263124,0.00307501,0.00328801,0.00403328,0.207506,0.00514499,
linear interp; trapezoid rule; CPU ,336,0,1.00946e+10,0.0990624,8, 0.00587207,,0.00276678,0.00224948,0.00361598,0.00132788,0.00299111,0.00508949,0.00520561,0.00587207,
linear interp; trapezoid rule; CPU ,340,0,1.02694e+10,0.0973767,8, 0.00349807,,0.00158119,0.001357,0.00141907,0.00349807,0.00238479,0.00224504,0.00269986,0.00234069,
linear interp; trapezoid rule; CPU ,344,0,1.05989e+10,0.0943491,8, 0.00644157,,0.000563208,0.00306889,0.00165874,0.00238007,0.00154412,0.00520743,0.00644157,0.00321166,
linear interp; trapezoid rule; CPU ,348,0,1.08805e+10,0.0919074,8, 0.0169946,,0.00230805,0.00202491,0.00125706,0.00244771,0.00308294,0.0169946,0.00204546,0.00682555,
linear interp; trapezoid rule; CPU ,352,0,1.12168e+10,0.0891521,8, 0.0177739,,0.00439657,0.0177739,0.00191302,0.00200979,0.00140804,0.00310811,0.00239255,0.00317191,
linear interp; trapezoid rule; CPU ,356,0,1.14326e+10,0.0874695,8, 0.00302868,,0.00129669,0.00194064,0.00298256,0.00267696,0.00190471,0.00231373,0.0021239,0.00302868,
linear interp; trapezoid rule; CPU ,360,0,1.15949e+10,0.086245,8, 0.00562322,,0.00308097,0.0055088,0.0013054,0.00116479,0.00276158,0.00562322,0.00297561,0.00360094,
linear interp; trapezoid rule; CPU ,364,0,1.20266e+10,0.0831493,8, 0.0227749,,0.00630938,0.000795719,0.00138329,0.0227749,0.0034966,0.00294576,0.00171741,0.00175404,
linear interp; trapezoid rule; CPU ,368,0,1.21852e+10,0.0820668,8, 0.00637809,,0.00231016,0.00109759,0.001219,0.0025368,0.00414975,0.00159874,0.00305943,0.00637809,
linear interp; trapezoid rule; CPU ,372,0,1.24308e+10,0.0804456,8, 0.00408222,,0.00114532,0.00152925,0.00218326,0.00194021,0.00113312,0.00408222,0.00234106,0.00395772,
linear interp; trapezoid rule; CPU ,376,0,1.2906e+10,0.0774835,8, 0.00398348,,0.000462385,0.00155937,0.00259569,0.00193163,0.0020647,0.00290244,0.00320977,0.00398348,
linear interp; trapezoid rule; CPU ,380,0,1.31043e+10,0.0763106,8, 0.00321149,,0.00214858,0.00194501,0.0013296,0.00237143,0.00244328,0.00178168,0.00321149,0.00309223,
linear interp; trapezoid rule; CPU ,384,0,1.35578e+10,0.0737581,8, 0.00530807,,0.00392701,0.00118162,0.00115932,0.000853543,0.00278642,0.00232921,0.0024242,0.00530807,
linear interp; CPU Sparse Matrix   ,4,0.001,3.05029e+06,327.838,8, 0.656813,,0.477069,0.601191,0.451612,0.4165,0.474147,0.656813,0.64845,0.517683,
linear interp; CPU Sparse Matrix   ,8,0.003,3.10309e+06,322.259,8, 0.557316,,0.499171,0.23072,0.324787,0.29386,0.557316,0.331749,0.286869,0.335692,
linear interp; CPU Sparse Matrix   ,12,0.004,42792,23368.9,8, 0.387365,,0.387365,0.225206,0.239034,0.309625,0.274457,0.262604,0.267075,0.321962,
linear interp; CPU Sparse Matrix   ,16,0.01,81853,12217,8, 0.307666,,0.307666,0.255634,0.221315,0.211453,0.224833,0.205788,0.19118,0.201521,
linear interp; CPU Sparse Matrix   ,20,0.017,120476,8300.41,8, 0.224949,,0.224949,0.139235,0.138239,0.202112,0.184366,0.168332,0.15958,0.161878,
linear interp; CPU Sparse Matrix   ,24,0.042,170064,5880.14,8, 0.178056,,0.132652,0.112044,0.115188,0.134155,0.156188,0.14437,0.149282,0.178056,
linear interp; CPU Sparse Matrix   ,28,0.076,243199,4111.86,8, 0.140774,,0.0555343,0.0908924,0.0991337,0.0872339,0.11095,0.104077,0.112476,0.140774,
linear interp; CPU Sparse Matrix   ,32,0.13,324894,3077.93,8, 0.114546,,0.0261592,0.0639538,0.0828509,0.0629782,0.114546,0.1074,0.104008,0.0949042,
linear interp; CPU Sparse Matrix   ,36,0.196,441517,2264.92,8, 0.0934372,,0.0820832,0.0855083,0.0687291,0.0934372,0.0734397,0.0877899,0.0612902,0.0787769,
linear interp; CPU Sparse Matrix   ,40,0.255,567469,1762.21,8, 0.10527,,0.10527,0.0537197,0.0586859,0.0648919,0.0624178,0.0581296,0.0713807,0.0743066,
linear interp; CPU Sparse Matrix   ,44,0.337,782404,1278.11,8, 0.0965602,,0.0965602,0.0623994,0.0414442,0.0703106,0.0442472,0.058158,0.0500701,0.0827529,
linear interp; CPU Sparse Matrix   ,48,0.389,1.10642e+06,903.819,8, 0.0760789,,0.0760789,0.0483175,0.0532841,0.0478125,0.0379603,0.0629473,0.0710077,0.0641579,
linear interp; CPU Sparse Matrix   ,52,0.399,1.43866e+06,695.092,8, 0.043222,,0.043222,0.0297181,0.0329822,0.0292579,0.0298581,0.0385406,0.0393265,0.0408279,
linear interp; CPU Sparse Matrix   ,56,0.567,1.7953e+06,557.011,8, 0.0547039,,0.0223082,0.052384,0.0408638,0.0381391,0.0309344,0.0529116,0.0547039,0.0395601,
linear interp; CPU Sparse Matrix   ,60,0.72,2.09529e+06,477.261,8, 0.0556148,,0.0165644,0.0349052,0.0327858,0.0370681,0.0322437,0.0508602,0.0330178,0.0556148,
linear interp; CPU Sparse Matrix   ,64,0.82,2.44698e+06,408.666,8, 0.0536674,,0.0361169,0.0181436,0.0264717,0.0308664,0.0350852,0.0213614,0.0431613,0.0536674,
linear interp; CPU Sparse Matrix   ,68,0.953,2.95747e+06,338.127,8, 0.0419992,,0.0295194,0.0220423,0.0419992,0.0391329,0.0367118,0.0371738,0.0345556,0.0324725,
linear interp; CPU Sparse Matrix   ,72,1.131,3.51481e+06,284.51,8, 0.0461823,,0.0461823,0.0244965,0.0150041,0.0238135,0.0395841,0.0406656,0.0346123,0.0226009,
linear interp; CPU Sparse Matrix   ,76,1.158,4.19275e+06,238.507,8, 0.0390091,,0.0390091,0.016434,0.0252312,0.0136543,0.0214633,0.0221011,0.0356539,0.0340385,
linear interp; CPU Sparse Matrix   ,80,1.68,8.59094e+06,116.402,8, 0.0314302,,0.0286818,0.0184789,0.0187248,0.0205106,0.027345,0.0209745,0.0265692,0.0314302,
linear interp; CPU Sparse Matrix   ,84,1.621,8.36806e+06,119.502,8, 0.0356647,,0.0172173,0.0161058,0.0202962,0.0239722,0.0285712,0.0244503,0.0356647,0.0300606,
linear interp; CPU Sparse Matrix   ,88,2.216,6.40016e+06,156.246,8, 0.027364,,0.0088555,0.0162502,0.0267262,0.0187973,0.027364,0.0224421,0.017408,0.0190067,
linear interp; CPU Sparse Matrix   ,92,2.237,1.16601e+07,85.7629,8, 0.0253674,,0.00831511,0.017841,0.00947864,0.0253674,0.0249943,0.0123708,0.0192593,0.0221714,
linear interp; CPU Sparse Matrix   ,96,2.768,1.123e+07,89.0473,8, 0.0298193,,0.0246403,0.0107911,0.0162802,0.0144185,0.0217822,0.0298193,0.0127582,0.0267114,
linear interp; CPU Sparse Matrix   ,100,3.057,9.23798e+06,108.249,8, 0.0299496,,0.0145589,0.0200761,0.0119341,0.00963922,0.0166467,0.0222241,0.0217175,0.0299496,
linear interp; CPU Sparse Matrix   ,104,3.679,1.02049e+07,97.9921,8, 0.0222236,,0.0222236,0.0140411,0.0138759,0.0132081,0.0137951,0.0096407,0.0104083,0.0179936,
linear interp; CPU Sparse Matrix   ,108,3.847,1.19698e+07,83.5434,8, 0.0216482,,0.0211001,0.00831532,0.0196114,0.0152655,0.00890683,0.0199714,0.0216482,0.0131372,
linear interp; CPU Sparse Matrix   ,112,4.524,1.36881e+07,73.056,8, 0.0204688,,0.0172025,0.0125454,0.007685,0.0114054,0.00767713,0.0194669,0.0122579,0.0204688,
linear interp; CPU Sparse Matrix   ,116,4.548,1.62743e+07,61.4464,8, 0.0183301,,0.0117357,0.0111583,0.0112631,0.0179719,0.00877779,0.0112917,0.0183301,0.0114146,
linear interp; CPU Sparse Matrix   ,120,5.441,2.22445e+07,44.9549,8, 0.0181317,,0.00468821,0.00603592,0.00799914,0.00920417,0.0106033,0.0129262,0.0143609,0.0181317,
linear interp; CPU Sparse Matrix   ,124,5.702,1.81519e+07,55.0905,8, 0.0154044,,0.00811629,0.00767003,0.0103942,0.00651701,0.0135376,0.0154044,0.0147495,0.00848114,
linear interp; CPU Sparse Matrix   ,128,6.777,2.03692e+07,49.0937,8, 0.0181257,,0.0181257,0.00847549,0.0143674,0.0095574,0.016026,0.0123133,0.0169097,0.0138757,
linear interp; CPU Sparse Matrix   ,132,8.013,2.44404e+07,40.9158,8, 0.0181643,,0.00882279,0.00764076,0.00593523,0.0110557,0.0181643,0.00746596,0.0111719,0.0153065,
linear interp; CPU Sparse Matrix   ,136,8.201,2.29085e+07,43.6519,8, 0.0204015,,0.0147081,0.00935096,0.00773359,0.00718601,0.00615966,0.0204015,0.0192893,0.0193547,
linear interp; CPU Sparse Matrix   ,140,8.757,2.47808e+07,40.3538,8, 0.0145117,,0.0145117,0.0059803,0.00593637,0.0134237,0.0103344,0.0128138,0.00801678,0.00987123,
linear interp; CPU Sparse Matrix   ,144,10.288,2.66865e+07,37.4721,8, 0.0119317,,0.0119317,0.00990178,0.00835949,0.00684573,0.011549,0.00450641,0.00850603,0.00887167,
linear interp; CPU Sparse Matrix   ,148,11.359,2.90019e+07,34.4805,8, 0.0143182,,0.0063856,0.00826801,0.010686,0.00528141,0.0123672,0.0143182,0.00568283,0.0133957,
linear interp; CPU Sparse Matrix   ,152,11.402,4.35062e+07,22.9852,8, 0.0125315,,0.00317821,0.00390441,0.00517916,0.00755799,0.0111256,0.0116389,0.0105839,0.0125315,
linear interp; CPU Sparse Matrix   ,156,13.513,3.28969e+07,30.398,8, 0.0122842,,0.00614206,0.0122842,0.00555729,0.00867537,0.00997844,0.00605726,0.00588182,0.0117795,
linear interp; CPU Sparse Matrix   ,160,13.101,3.85769e+07,25.9223,8, 0.012711,,0.012711,0.00706014,0.00407496,0.0048297,0.00808246,0.0092822,0.0114984,0.00953155,
linear interp; CPU Sparse Matrix   ,164,15.55,4.34071e+07,23.0377,8, 0.0104328,,0.00619653,0.00355529,0.00717767,0.0102675,0.00650457,0.00967207,0.00645806,0.0104328,
linear interp; CPU Sparse Matrix   ,168,17.183,4.2788e+07,23.371,8, 0.0102313,,0.00995777,0.00326812,0.00854917,0.00491183,0.00444095,0.00755241,0.0102313,0.00926661,
linear interp; CPU Sparse Matrix   ,172,17.493,4.55155e+07,21.9705,8, 0.013282,,0.0102208,0.00555106,0.00443342,0.00409799,0.00371431,0.00560758,0.00860293,0.013282,
linear interp; CPU Sparse Matrix   ,176,20.109,5.11995e+07,19.5314,8, 0.00861886,,0.00801954,0.00375229,0.00385183,0.00629276,0.00447035,0.00486741,0.00861886,0.00634947,
linear interp; CPU Sparse Matrix   ,180,19.718,4.99177e+07,20.033,8, 0.010795,,0.00465434,0.0054584,0.00314001,0.00670459,0.00604805,0.00834697,0.010795,0.00694721,
linear interp; CPU Sparse Matrix   ,184,21.695,5.32524e+07,18.7785,8, 0.00963607,,0.00189882,0.00411703,0.00606836,0.00341132,0.00777444,0.00304305,0.00671223,0.00963607,
linear interp; CPU Sparse Matrix   ,188,20.893,5.57807e+07,17.9274,8, 0.0149371,,0.00453967,0.00572992,0.00659998,0.00830789,0.00964774,0.0113517,0.0129985,0.0149371,
linear interp; CPU Sparse Matrix   ,192,26.448,5.9473e+07,16.8144,8, 0.0113098,,0.0104199,0.00543506,0.00391301,0.00381978,0.0113098,0.00807323,0.00467491,0.00795046,
linear interp; CPU Sparse Matrix   ,196,28.03,6.88517e+07,14.524,8, 0.00422004,,0.00407387,0.00293566,0.00272627,0.00358705,0.00322119,0.00362642,0.00422004,0.00418769,
linear interp; CPU Sparse Matrix   ,200,26.293,6.53576e+07,15.3004,8, 0.00788398,,0.00753973,0.00744314,0.00227544,0.00507372,0.00577964,0.00784107,0.00357855,0.00788398,
linear interp; CPU Sparse Matrix   ,204,31.354,6.80511e+07,14.6948,8, 0.00804424,,0.00804424,0.00484961,0.00512098,0.00546336,0.00704112,0.00702346,0.00646971,0.00556559,
linear interp; CPU Sparse Matrix   ,208,31.004,7.47703e+07,13.3743,8, 0.00954085,,0.00626028,0.00202966,0.00536167,0.00241613,0.00692523,0.00501575,0.00374544,0.00954085,
linear interp; CPU Sparse Matrix   ,212,33.334,8.34528e+07,11.9828,8, 0.00712012,,0.00346223,0.00282803,0.00351774,0.00662313,0.00686838,0.00467716,0.00712012,0.0038787,
linear interp; CPU Sparse Matrix   ,216,32.807,8.4069e+07,11.895,8, 0.0056512,,0.00139454,0.00403177,0.00210883,0.00294422,0.00562789,0.00438682,0.00434934,0.0056512,
linear interp; CPU Sparse Matrix   ,220,38.595,8.18336e+07,12.2199,8, 0.00716492,,0.0041112,0.00223144,0.00167459,0.00312028,0.00504324,0.00583313,0.00680815,0.00716492,
linear interp; CPU Sparse Matrix   ,224,37.906,8.72211e+07,11.4651,8, 0.0111188,,0.00843457,0.00323372,0.00433161,0.00427642,0.00358063,0.00248912,0.00615789,0.0111188,
linear interp; CPU Sparse Matrix   ,228,41.316,9.5834e+07,10.4347,8, 0.00955413,,0.00334482,0.00318835,0.00437541,0.00449657,0.00270244,0.00955413,0.00580964,0.00569074,
linear interp; CPU Sparse Matrix   ,232,40.267,1.04108e+08,9.60538,8, 0.0077738,,0.00622394,0.00343918,0.00330834,0.00399444,0.00192309,0.00595376,0.0077738,0.00351636,
linear interp; CPU Sparse Matrix   ,236,47.399,1.25355e+08,7.97737,8, 0.00631244,,0.00609421,0.00388789,0.00207352,0.00556097,0.00303886,0.00220528,0.00455655,0.00631244,
linear interp; CPU Sparse Matrix   ,240,57.176,1.12376e+08,8.89867,8, 0.00951002,,0.00472529,0.00234504,0.00159457,0.0023701,0.00418622,0.00656421,0.00951002,0.0031259,
linear interp; CPU Sparse Matrix   ,244,53.674,1.17523e+08,8.50897,8, 0.0071501,,0.00275141,0.00474431,0.00361293,0.00266629,0.00552004,0.00532212,0.00319491,0.0071501,
linear interp; CPU Sparse Matrix   ,248,51.196,1.26481e+08,7.90634,8, 0.00673276,,0.00105626,0.0036672,0.00343289,0.00371271,0.00673276,0.00335483,0.0028073,0.00234662,
linear interp; CPU Sparse Matrix   ,252,59.211,1.29443e+08,7.7254,8, 0.00486911,,0.00326231,0.0014415,0.00303326,0.00382459,0.00481579,0.00430641,0.00261202,0.00486911,
linear interp; CPU Sparse Matrix   ,256,65.796,1.43473e+08,6.96993,8, 0.00694751,,0.00694751,0.00624264,0.00252672,0.00167386,0.00241164,0.00416445,0.00444772,0.00518962,
linear interp; CPU Sparse Matrix   ,260,71.053,1.38409e+08,7.22497,8, 0.00884553,,0.00256048,0.00317904,0.00156577,0.00459913,0.00411169,0.00415282,0.00244537,0.00884553,
linear interp; CPU Sparse Matrix   ,264,73.149,1.4523e+08,6.88565,8, 0.0049904,,0.00480282,0.00139796,0.00320772,0.00183259,0.00466973,0.00235082,0.0049904,0.00382447,
linear interp; CPU Sparse Matrix   ,268,70.239,1.31037e+08,7.63144,8, 0.0049063,,0.0049063,0.00172058,0.00274054,0.00243446,0.00486622,0.00395186,0.0032854,0.00327498,
linear interp; CPU Sparse Matrix   ,272,73.483,1.61297e+08,6.19974,8, 0.00515681,,0.00404289,0.00255676,0.00275036,0.00326241,0.00450857,0.0044821,0.0048239,0.00515681,
linear interp; CPU Sparse Matrix   ,276,71.044,1.56453e+08,6.39171,8, 0.00462301,,0.00236979,0.00209015,0.00391051,0.00328607,0.00402154,0.00159562,0.00462301,0.00304149,
linear interp; CPU Sparse Matrix   ,280,78.609,1.67516e+08,5.96958,8, 0.00601185,,0.000866004,0.00273293,0.00143419,0.00154846,0.00317491,0.00601185,0.0041753,0.00520962,
linear interp; CPU Sparse Matrix   ,284,85.342,1.82698e+08,5.47351,8, 0.00597867,,0.0029324,0.00191263,0.00279651,0.00391382,0.00249844,0.00435787,0.00597867,0.00168376,
linear interp; CPU Sparse Matrix   ,288,86.514,2.04599e+08,4.88761,8, 0.00591712,,0.00591712,0.00324887,0.00229745,0.00152052,0.00157417,0.00215325,0.00327521,0.00422288,
linear interp; CPU Sparse Matrix   ,292,90.71,2.06285e+08,4.84766,8, 0.00735059,,0.00203407,0.00284289,0.00257064,0.00213868,0.00150416,0.0039786,0.00735059,0.00384655,
linear interp; CPU Sparse Matrix   ,296,86.114,1.99698e+08,5.00755,8, 0.00671547,,0.00415902,0.00132836,0.00478089,0.00291121,0.0022818,0.00350621,0.00220286,0.00671547,
linear interp; CPU Sparse Matrix   ,300,90.394,2.13665e+08,4.68023,8, 0.00429681,,0.00418599,0.00429681,0.00121409,0.00282113,0.00325622,0.00293857,0.00202782,0.00283276,
linear interp; CPU Sparse Matrix   ,304,102.859,2.24137e+08,4.46156,8, 0.00421005,,0.00337147,0.0026363,0.0023474,0.00157516,0.00421005,0.0023237,0.00174066,0.00295526,
linear interp; CPU Sparse Matrix   ,308,113.958,2.4581e+08,4.06818,8, 0.00526819,,0.00175008,0.000890743,0.00187679,0.00341381,0.00526819,0.00197089,0.00338748,0.00427702,
linear interp; CPU Sparse Matrix   ,312,106.133,2.43566e+08,4.10566,8, 0.00521348,,0.000718317,0.00110477,0.0023901,0.00126391,0.00198832,0.00350161,0.00189588,0.00521348,
linear interp; CPU Sparse Matrix   ,316,108.406,2.43768e+08,4.10227,8, 0.00418368,,0.00242372,0.00211353,0.00409078,0.00199925,0.00205491,0.00117683,0.00380273,0.00418368,
linear interp; CPU Sparse Matrix   ,320,112.895,2.53909e+08,3.93842,8, 0.0055378,,0.00502657,0.00132852,0.00120103,0.00254598,0.00322681,0.0055378,0.00252886,0.00165004,
linear interp; CPU Sparse Matrix   ,324,131.529,2.93285e+08,3.40966,8, 0.00367119,,0.00169983,0.00189024,0.00193496,0.0024523,0.00338423,0.00358597,0.00362787,0.00367119,
linear interp; CPU Sparse Matrix   ,328,135.198,2.9177e+08,3.42736,8, 0.003757,,0.00340938,0.00172292,0.00154766,0.00165609,0.00359711,0.00177669,0.003757,0.0025926,
linear interp; CPU Sparse Matrix   ,332,139.585,2.81392e+08,3.55376,8, 0.207839,,0.00351354,0.00217696,0.00222637,0.00290957,0.00317662,0.00385608,0.207839,0.00540335,
linear interp; CPU Sparse Matrix   ,336,134.778,2.93144e+08,3.41129,8, 0.00494397,,0.00279427,0.00223927,0.00349651,0.00104432,0.00284175,0.00306088,0.00494397,0.00172491,
linear interp; CPU Sparse Matrix   ,340,146.876,3.05569e+08,3.27259,8, 0.00281495,,0.0015482,0.00118774,0.00123559,0.001739,0.00220051,0.00216613,0.00242539,0.00281495,
linear interp; CPU Sparse Matrix   ,344,155.334,3.23374e+08,3.0924,8, 0.00603507,,0.000515456,0.00310826,0.00160395,0.00229144,0.00169604,0.00234953,0.00603507,0.00347629,
linear interp; CPU Sparse Matrix   ,348,166.248,3.32523e+08,3.00731,8, 0.0165664,,0.00216074,0.00219087,0.00123788,0.00214286,0.000984278,0.0165664,0.00165103,0.00664004,
linear interp; CPU Sparse Matrix   ,352,162.554,3.51446e+08,2.84539,8, 0.0176777,,0.00450777,0.0176777,0.00204298,0.00179603,0.00125192,0.00264222,0.00151653,0.00301872,
linear interp; CPU Sparse Matrix   ,356,179.634,3.79593e+08,2.6344,8, 0.00299403,,0.00140642,0.00190165,0.00299403,0.0025687,0.00185691,0.00123689,0.00123056,0.00163424,
linear interp; CPU Sparse Matrix   ,360,179.782,3.57517e+08,2.79707,8, 0.00523078,,0.00296075,0.00190287,0.00120107,0.000880338,0.00270916,0.00523078,0.00267737,0.00321319,
linear interp; CPU Sparse Matrix   ,364,178.984,3.87287e+08,2.58207,8, 0.0221616,,0.00309183,0.00083454,0.00137131,0.0221616,0.00348956,0.00294988,0.0016441,0.00175218,
linear interp; CPU Sparse Matrix   ,368,194.863,4.01268e+08,2.4921,8, 0.00428753,,0.00243401,0.00117084,0.00102584,0.0020735,0.00428753,0.00110015,0.00303478,0.00416414,
linear interp; CPU Sparse Matrix   ,372,200.629,4.26507e+08,2.34463,8, 0.00371802,,0.0013031,0.00148855,0.00193996,0.00188096,0.000956149,0.00371802,0.00219122,0.0013931,
linear interp; CPU Sparse Matrix   ,376,209.165,4.24596e+08,2.35518,8, 0.00292869,,0.00045393,0.00149457,0.00258686,0.00208875,0.00190518,0.0027442,0.00292869,0.00255143,
linear interp; CPU Sparse Matrix   ,380,216.529,4.41238e+08,2.26635,8, 0.0031011,,0.00199445,0.00176571,0.00117532,0.00221243,0.00239438,0.00172694,0.0031011,0.0028498,
