Calculator,N,Init time (s), Calc.time(s), Calc.Freq(hz), Bytes, MaxError, FirstBlank, Err1, Err2, Err3, Blank
linear interp; GPU Sparse Matrix   ,4,0.598,6.09623e+07,16.4036,8, 0.656813,,0.477069,0.601191,0.451612,0.4165,0.474147,0.656813,0.64845,0.517683,
linear interp; GPU Sparse Matrix   ,8,0.007,303165,3298.53,8, 0.557316,,0.499171,0.23072,0.324787,0.29386,0.557316,0.331749,0.286869,0.335692,
linear interp; GPU Sparse Matrix   ,12,0.012,337713,2961.09,8, 0.387365,,0.387365,0.225206,0.239034,0.309625,0.274457,0.262604,0.267075,0.321962,
linear interp; GPU Sparse Matrix   ,16,0.027,449777,2223.32,8, 0.307666,,0.307666,0.255634,0.221315,0.211453,0.224833,0.205788,0.19118,0.201521,
linear interp; GPU Sparse Matrix   ,20,0.059,893227,1119.54,8, 0.224949,,0.224949,0.139235,0.138239,0.202112,0.184366,0.168332,0.15958,0.161878,
linear interp; GPU Sparse Matrix   ,24,0.093,1.22034e+06,819.441,8, 0.178056,,0.132652,0.112044,0.115188,0.134155,0.156188,0.14437,0.149282,0.178056,
linear interp; GPU Sparse Matrix   ,28,0.157,1.37002e+06,729.918,8, 0.140774,,0.0555343,0.0908924,0.0991337,0.0872339,0.11095,0.104077,0.112476,0.140774,
linear interp; GPU Sparse Matrix   ,32,0.234,1.66263e+06,601.455,8, 0.114546,,0.0261592,0.0639538,0.0828509,0.0629782,0.114546,0.1074,0.104008,0.0949042,
linear interp; GPU Sparse Matrix   ,36,0.336,2.15379e+06,464.299,8, 0.0934372,,0.0820832,0.0855083,0.0687291,0.0934372,0.0734397,0.0877899,0.0612902,0.0787769,
linear interp; GPU Sparse Matrix   ,40,0.444,2.57266e+06,388.703,8, 0.10527,,0.10527,0.0537197,0.0586859,0.0648919,0.0624178,0.0581296,0.0713807,0.0743066,
linear interp; GPU Sparse Matrix   ,44,0.546,3.30511e+06,302.562,8, 0.0965602,,0.0965602,0.0623994,0.0414442,0.0703106,0.0442472,0.058158,0.0500701,0.0827529,
linear interp; GPU Sparse Matrix   ,48,0.692,3.9267e+06,254.667,8, 0.0760789,,0.0760789,0.0483175,0.0532841,0.0478125,0.0379603,0.0629473,0.0710077,0.0641579,
linear interp; GPU Sparse Matrix   ,52,0.87,4.76678e+06,209.785,8, 0.043222,,0.043222,0.0297181,0.0329822,0.0292579,0.0298581,0.0385406,0.0393265,0.0408279,
linear interp; GPU Sparse Matrix   ,56,1.07,5.66261e+06,176.597,8, 0.0547039,,0.0223082,0.052384,0.0408638,0.0381391,0.0309344,0.0529116,0.0547039,0.0395601,
linear interp; GPU Sparse Matrix   ,60,1.338,7.03231e+06,142.201,8, 0.0556148,,0.0165644,0.0349052,0.0327858,0.0370681,0.0322437,0.0508602,0.0330178,0.0556148,
linear interp; GPU Sparse Matrix   ,64,1.582,8.29298e+06,120.584,8, 0.0536674,,0.0361169,0.0181436,0.0264717,0.0308664,0.0350852,0.0213614,0.0431613,0.0536674,
linear interp; GPU Sparse Matrix   ,68,1.953,9.47972e+06,105.488,8, 0.0419992,,0.0295194,0.0220423,0.0419992,0.0391329,0.0367118,0.0371738,0.0345556,0.0324725,
linear interp; GPU Sparse Matrix   ,72,2.506,1.20253e+07,83.1577,8, 0.0461823,,0.0461823,0.0244965,0.0150041,0.0238135,0.0395841,0.0406656,0.0346123,0.0226009,
linear interp; GPU Sparse Matrix   ,76,2.847,1.61266e+07,62.0093,8, 0.0390091,,0.0390091,0.016434,0.0252312,0.0136543,0.0214633,0.0221011,0.0356539,0.0340385,
linear interp; GPU Sparse Matrix   ,80,3.237,1.53938e+07,64.9614,8, 0.0314302,,0.0286818,0.0184789,0.0187248,0.0205106,0.027345,0.0209745,0.0265692,0.0314302,
linear interp; GPU Sparse Matrix   ,84,3.726,1.78328e+07,56.0766,8, 0.0356647,,0.0172173,0.0161058,0.0202962,0.0239722,0.0285712,0.0244503,0.0356647,0.0300606,
linear interp; GPU Sparse Matrix   ,88,4.25,2.0502e+07,48.7757,8, 0.027364,,0.0088555,0.0162502,0.0267262,0.0187973,0.027364,0.0224421,0.017408,0.0190067,
linear interp; GPU Sparse Matrix   ,92,4.697,2.3095e+07,43.2994,8, 0.0253674,,0.00831511,0.017841,0.00947864,0.0253674,0.0249943,0.0123708,0.0192593,0.0221714,
linear interp; GPU Sparse Matrix   ,96,5.447,2.5506e+07,39.2065,8, 0.0298193,,0.0246403,0.0107911,0.0162802,0.0144185,0.0217822,0.0298193,0.0127582,0.0267114,
linear interp; GPU Sparse Matrix   ,100,6.237,2.90812e+07,34.3865,8, 0.0299496,,0.0145589,0.0200761,0.0119341,0.00963922,0.0166467,0.0222241,0.0217175,0.0299496,
linear interp; GPU Sparse Matrix   ,104,7.049,4.87912e+07,20.4955,8, 0.0222236,,0.0222236,0.0140411,0.0138759,0.0132081,0.0137951,0.0096407,0.0104083,0.0179936,
linear interp; GPU Sparse Matrix   ,108,7.918,3.59629e+07,27.8064,8, 0.0216482,,0.0211001,0.00831532,0.0196114,0.0152655,0.00890683,0.0199714,0.0216482,0.0131372,
linear interp; GPU Sparse Matrix   ,112,8.929,3.9581e+07,25.2646,8, 0.0204688,,0.0172025,0.0125454,0.007685,0.0114054,0.00767713,0.0194669,0.0122579,0.0204688,
linear interp; GPU Sparse Matrix   ,116,10.845,5.342e+07,18.7196,8, 0.0183301,,0.0117357,0.0111583,0.0112631,0.0179719,0.00877779,0.0112917,0.0183301,0.0114146,
linear interp; GPU Sparse Matrix   ,120,11.124,4.95395e+07,20.1859,8, 0.0181317,,0.00468821,0.00603592,0.00799914,0.00920417,0.0106033,0.0129262,0.0143609,0.0181317,
linear interp; GPU Sparse Matrix   ,124,12.307,6.35188e+07,15.7434,8, 0.0154044,,0.00811629,0.00767003,0.0103942,0.00651701,0.0135376,0.0154044,0.0147495,0.00848114,
linear interp; GPU Sparse Matrix   ,128,13.649,6.87935e+07,14.5362,8, 0.0181257,,0.0181257,0.00847549,0.0143674,0.0095574,0.016026,0.0123133,0.0169097,0.0138757,
linear interp; GPU Sparse Matrix   ,132,14.637,7.66787e+07,13.0414,8, 0.0181643,,0.00882279,0.00764076,0.00593523,0.0110557,0.0181643,0.00746596,0.0111719,0.0153065,
linear interp; GPU Sparse Matrix   ,136,18.04,8.50036e+07,11.7642,8, 0.0204015,,0.0147081,0.00935096,0.00773359,0.00718601,0.00615966,0.0204015,0.0192893,0.0193547,
linear interp; GPU Sparse Matrix   ,140,17.46,7.75107e+07,12.9014,8, 0.0145117,,0.0145117,0.0059803,0.00593637,0.0134237,0.0103344,0.0128138,0.00801678,0.00987123,
linear interp; GPU Sparse Matrix   ,144,21.411,8.49509e+07,11.7715,8, 0.0119317,,0.0119317,0.00990178,0.00835949,0.00684573,0.011549,0.00450641,0.00850603,0.00887167,
linear interp; GPU Sparse Matrix   ,148,21.956,8.8397e+07,11.3126,8, 0.0143182,,0.0063856,0.00826801,0.010686,0.00528141,0.0123672,0.0143182,0.00568283,0.0133957,
linear interp; GPU Sparse Matrix   ,152,22.834,9.77918e+07,10.2258,8, 0.0125315,,0.00317821,0.00390441,0.00517916,0.00755799,0.0111256,0.0116389,0.0105839,0.0125315,
linear interp; GPU Sparse Matrix   ,156,25.595,1.05224e+08,9.50355,8, 0.0122842,,0.00614206,0.0122842,0.00555729,0.00867537,0.00997844,0.00605726,0.00588182,0.0117795,
linear interp; GPU Sparse Matrix   ,160,27.447,1.13769e+08,8.78974,8, 0.012711,,0.012711,0.00706014,0.00407496,0.0048297,0.00808246,0.0092822,0.0114984,0.00953155,
linear interp; GPU Sparse Matrix   ,164,29.574,1.22594e+08,8.15701,8, 0.0104328,,0.00619653,0.00355529,0.00717767,0.0102675,0.00650457,0.00967207,0.00645806,0.0104328,
linear interp; GPU Sparse Matrix   ,168,32.742,1.62437e+08,6.15625,8, 0.0102313,,0.00995777,0.00326812,0.00854917,0.00491183,0.00444095,0.00755241,0.0102313,0.00926661,
linear interp; GPU Sparse Matrix   ,172,33.784,1.41751e+08,7.05462,8, 0.013282,,0.0102208,0.00555106,0.00443342,0.00409799,0.00371431,0.00560758,0.00860293,0.013282,
linear interp; GPU Sparse Matrix   ,176,37.124,1.48479e+08,6.73495,8, 0.00861886,,0.00801954,0.00375229,0.00385183,0.00629276,0.00447035,0.00486741,0.00861886,0.00634947,
linear interp; GPU Sparse Matrix   ,180,38.366,2.87919e+08,3.4732,8, 0.010795,,0.00465434,0.0054584,0.00314001,0.00670459,0.00604805,0.00834697,0.010795,0.00694721,
linear interp; GPU Sparse Matrix   ,184,46.128,2.06432e+08,4.8442,8, 0.00963607,,0.00189882,0.00411703,0.00606836,0.00341132,0.00777444,0.00304305,0.00671223,0.00963607,
linear interp; GPU Sparse Matrix   ,188,47.101,3.25445e+08,3.07271,8, 0.0149371,,0.00453967,0.00572992,0.00659998,0.00830789,0.00964774,0.0113517,0.0129985,0.0149371,
linear interp; GPU Sparse Matrix   ,192,51.688,1.96189e+08,5.09712,8, 0.0113098,,0.0104199,0.00543506,0.00391301,0.00381978,0.0113098,0.00807323,0.00467491,0.00795046,
linear interp; GPU Sparse Matrix   ,196,53.004,2.06748e+08,4.83681,8, 0.00422004,,0.00407387,0.00293566,0.00272627,0.00358705,0.00322119,0.00362642,0.00422004,0.00418769,
linear interp; GPU Sparse Matrix   ,200,57.789,2.15036e+08,4.65038,8, 0.00788398,,0.00753973,0.00744314,0.00227544,0.00507372,0.00577964,0.00784107,0.00357855,0.00788398,
linear interp; GPU Sparse Matrix   ,204,57.918,2.33248e+08,4.28729,8, 0.00804424,,0.00804424,0.00484961,0.00512098,0.00546336,0.00704112,0.00702346,0.00646971,0.00556559,
linear interp; GPU Sparse Matrix   ,208,60.053,2.43685e+08,4.10365,8, 0.00954085,,0.00626028,0.00202966,0.00536167,0.00241613,0.00692523,0.00501575,0.00374544,0.00954085,
linear interp; GPU Sparse Matrix   ,212,63.38,2.60578e+08,3.83762,8, 0.00712012,,0.00346223,0.00282803,0.00351774,0.00662313,0.00686838,0.00467716,0.00712012,0.0038787,
linear interp; GPU Sparse Matrix   ,216,68.628,2.78701e+08,3.58807,8, 0.0056512,,0.00139454,0.00403177,0.00210883,0.00294422,0.00562789,0.00438682,0.00434934,0.0056512,
linear interp; GPU Sparse Matrix   ,220,76.992,2.90227e+08,3.44558,8, 0.00716492,,0.0041112,0.00223144,0.00167459,0.00312028,0.00504324,0.00583313,0.00680815,0.00716492,
linear interp; GPU Sparse Matrix   ,224,79.969,3.04147e+08,3.28788,8, 0.0111188,,0.00843457,0.00323372,0.00433161,0.00427642,0.00358063,0.00248912,0.00615789,0.0111188,
linear interp; GPU Sparse Matrix   ,228,81.93,3.2708e+08,3.05735,8, 0.00955413,,0.00334482,0.00318835,0.00437541,0.00449657,0.00270244,0.00955413,0.00580964,0.00569074,
linear interp; GPU Sparse Matrix   ,232,87.11,3.46893e+08,2.88274,8, 0.0077738,,0.00622394,0.00343918,0.00330834,0.00399444,0.00192309,0.00595376,0.0077738,0.00351636,
linear interp; GPU Sparse Matrix   ,236,91.329,4.00251e+08,2.49843,8, 0.00631244,,0.00609421,0.00388789,0.00207352,0.00556097,0.00303886,0.00220528,0.00455655,0.00631244,
linear interp; GPU Sparse Matrix   ,240,108.945,4.61695e+08,2.16593,8, 0.00951002,,0.00472529,0.00234504,0.00159457,0.0023701,0.00418622,0.00656421,0.00951002,0.0031259,
linear interp; GPU Sparse Matrix   ,244,104.152,4.84789e+08,2.06275,8, 0.0071501,,0.00275141,0.00474431,0.00361293,0.00266629,0.00552004,0.00532212,0.00319491,0.0071501,
linear interp; GPU Sparse Matrix   ,248,106.51,5.08904e+08,1.96501,8, 0.00673276,,0.00105626,0.0036672,0.00343289,0.00371271,0.00673276,0.00335483,0.0028073,0.00234662,
linear interp; GPU Sparse Matrix   ,252,112.446,5.30182e+08,1.88614,8, 0.00486911,,0.00326231,0.0014415,0.00303326,0.00382459,0.00481579,0.00430641,0.00261202,0.00486911,
linear interp; GPU Sparse Matrix   ,256,117.595,5.54121e+08,1.80466,8, 0.00694751,,0.00694751,0.00624264,0.00252672,0.00167386,0.00241164,0.00416445,0.00444772,0.00518962,
Finished a list.
bicubic interp; trapezoid rule; CPU,4,0,2.36509e+06,422.817,8, 0.626115,,0.125027,0.176315,0.23544,0.626115,0.342855,0.414441,0.446137,0.471443,
bicubic interp; trapezoid rule; CPU,8,0,8.36487e+06,119.548,8, 0.282465,,0.0625583,0.227493,0.219191,0.21922,0.267587,0.207887,0.282465,0.265185,
bicubic interp; trapezoid rule; CPU,12,0,1.5672e+07,63.8082,8, 0.173432,,0.0683756,0.151094,0.152738,0.152742,0.127621,0.16341,0.135465,0.173432,
bicubic interp; trapezoid rule; CPU,16,0,2.21745e+07,45.0968,8, 0.0768121,,0.0394318,0.0656924,0.0531795,0.0568023,0.0631424,0.0707491,0.0754893,0.0768121,
bicubic interp; trapezoid rule; CPU,20,0,2.59983e+07,38.4641,8, 0.0435908,,0.032766,0.0409818,0.0422331,0.0392771,0.0377837,0.0415006,0.0375704,0.0435908,
bicubic interp; trapezoid rule; CPU,24,0,3.79966e+07,26.3182,8, 0.0222101,,0.0153421,0.0156099,0.0204934,0.0198968,0.0154037,0.0222101,0.0196958,0.0177787,
bicubic interp; trapezoid rule; CPU,28,0,5.16355e+07,19.3665,8, 0.0165438,,0.0121663,0.0108582,0.00999908,0.0145214,0.0106748,0.0121649,0.0165438,0.0126367,
bicubic interp; trapezoid rule; CPU,32,0,6.9046e+07,14.4831,8, 0.0119039,,0.00851692,0.0084684,0.0114206,0.0116785,0.00926422,0.00866141,0.0113619,0.0119039,
bicubic interp; trapezoid rule; CPU,36,0,1.15068e+08,8.69049,8, 0.00929408,,0.00338439,0.00324058,0.00466178,0.00513872,0.00649409,0.0077538,0.00874647,0.00929408,
bicubic interp; trapezoid rule; CPU,40,0,1.41606e+08,7.06186,8, 0.00620948,,0.00206353,0.00489302,0.00463717,0.00407347,0.00620948,0.0058803,0.00462455,0.00601203,
bicubic interp; trapezoid rule; CPU,44,0,1.54866e+08,6.45718,8, 0.00493901,,0.00208963,0.00253835,0.00364863,0.00347904,0.00382306,0.00493901,0.00466387,0.00477703,
bicubic interp; trapezoid rule; CPU,48,0,1.97141e+08,5.07252,8, 0.00435007,,0.00235991,0.00208129,0.00252,0.00348305,0.00395514,0.00435007,0.00344809,0.00402875,
bicubic interp; trapezoid rule; CPU,52,0,2.14679e+08,4.65811,8, 0.00395421,,0.00193717,0.00204462,0.00234551,0.00263801,0.00276707,0.00299515,0.00381918,0.00395421,
bicubic interp; trapezoid rule; CPU,56,0,2.50332e+08,3.9947,8, 0.00311882,,0.00152992,0.00151812,0.00188336,0.00200213,0.00277231,0.00241535,0.00311882,0.00304352,
bicubic interp; trapezoid rule; CPU,60,0,2.83093e+08,3.53241,8, 0.00274089,,0.00112536,0.00145037,0.00144785,0.00145996,0.0019148,0.00214303,0.00269031,0.00274089,
bicubic interp; trapezoid rule; CPU,64,0,3.28146e+08,3.04743,8, 0.00233309,,0.000984355,0.00125932,0.00142088,0.00157542,0.0020543,0.00229261,0.00203621,0.00233309,
bicubic interp; trapezoid rule; CPU,68,0,3.48168e+08,2.87218,8, 0.00237621,,0.000772719,0.00098949,0.00128598,0.00161109,0.00142045,0.00213264,0.0019163,0.00237621,
bicubic interp; trapezoid rule; CPU,72,0,4.03027e+08,2.48123,8, 0.00201825,,0.000844578,0.00109618,0.00136999,0.00153351,0.00167908,0.00179546,0.00200782,0.00201825,
bicubic interp; trapezoid rule; CPU,76,0,4.43701e+08,2.25377,8, 0.00191378,,0.000873759,0.000963463,0.00116874,0.00134238,0.0011591,0.00156412,0.00191378,0.00182467,
bicubic interp; trapezoid rule; CPU,80,0,4.89895e+08,2.04126,8, 0.00168381,,0.000712803,0.000771458,0.00113152,0.00106682,0.00141294,0.00117233,0.00168381,0.00166749,
bicubic interp; trapezoid rule; CPU,84,0,6.18957e+08,1.61562,8, 0.00155865,,0.000659144,0.000841476,0.000928661,0.000842893,0.000956726,0.00115116,0.00135861,0.00155865,
bicubic interp; trapezoid rule; CPU,88,0,6.41832e+08,1.55804,8, 0.0014797,,0.000670471,0.000667337,0.000720502,0.00100034,0.00118843,0.00122392,0.00108694,0.0014797,
bicubic interp; trapezoid rule; CPU,92,0,6.91653e+08,1.44581,8, 0.00131621,,0.000652028,0.000628516,0.000826185,0.0010312,0.000799217,0.00122321,0.00116942,0.00131621,
bicubic interp; trapezoid rule; CPU,96,0,7.41804e+08,1.34807,8, 0.00128273,,0.000580954,0.000715495,0.000763837,0.000969113,0.00103607,0.00117284,0.00127675,0.00128273,
bicubic interp; trapezoid rule; CPU,100,0,8.12458e+08,1.23083,8, 0.00119537,,0.000478216,0.000568514,0.000830043,0.000842202,0.000751122,0.00103896,0.00119537,0.00113097,
bicubic interp; trapezoid rule; CPU,104,0,9.11085e+08,1.09759,8, 0.0011698,,0.000353269,0.000485651,0.000740137,0.000686928,0.000927429,0.000832398,0.00105736,0.0011698,
bicubic interp; trapezoid rule; CPU,108,0,9.34441e+08,1.07016,8, 0.000990565,,0.000388961,0.000523348,0.000640814,0.000625345,0.000653395,0.000723895,0.000855757,0.000990565,
bicubic interp; trapezoid rule; CPU,112,0,1.07046e+09,0.934178,8, 0.00104268,,0.000403555,0.000433174,0.000598398,0.000721258,0.000824659,0.000785079,0.000792141,0.00104268,
bicubic interp; trapezoid rule; CPU,116,0,1.09842e+09,0.910397,8, 0.000876758,,0.000408171,0.000471248,0.000486411,0.000724549,0.000696874,0.000834009,0.000876758,0.000867325,
bicubic interp; trapezoid rule; CPU,120,0,1.17685e+09,0.849723,8, 0.000950477,,0.000527119,0.000452763,0.000576037,0.000673715,0.000733346,0.000831885,0.000910878,0.000950477,
bicubic interp; trapezoid rule; CPU,124,0,1.32317e+09,0.75576,8, 0.000846999,,0.000524138,0.000418409,0.000553346,0.000580221,0.000559336,0.00077212,0.000846999,0.000777626,
bicubic interp; trapezoid rule; CPU,128,0,1.38951e+09,0.719679,8, 0.000867301,,0.000378092,0.000422184,0.000547072,0.000508318,0.000654483,0.0006574,0.000763158,0.000867301,
bicubic interp; trapezoid rule; CPU,132,0,1.40365e+09,0.712428,8, 0.000686867,,0.000282072,0.000390625,0.000522498,0.000496373,0.000635826,0.000635122,0.000597371,0.000686867,
bicubic interp; trapezoid rule; CPU,136,0,1.56579e+09,0.638653,8, 0.000821681,,0.000256091,0.000301649,0.000389058,0.0005509,0.00058786,0.0005732,0.00070604,0.000821681,
bicubic interp; trapezoid rule; CPU,140,0,1.61445e+09,0.619406,8, 0.000810529,,0.000251114,0.000370912,0.000411382,0.00056922,0.000473432,0.000601176,0.000693619,0.000810529,
bicubic interp; trapezoid rule; CPU,144,0,1.72499e+09,0.579714,8, 0.000734909,,0.000265499,0.00027816,0.000385779,0.000493552,0.000531094,0.00062525,0.000693021,0.000734909,
bicubic interp; trapezoid rule; CPU,148,0,1.80055e+09,0.555384,8, 0.000650021,,0.000255412,0.000320967,0.000418528,0.000509189,0.000445005,0.000616327,0.000650021,0.000573722,
bicubic interp; trapezoid rule; CPU,152,0,1.88773e+09,0.529738,8, 0.000680012,,0.000240788,0.000329038,0.000441512,0.000380915,0.000485525,0.000534994,0.000535234,0.000680012,
bicubic interp; trapezoid rule; CPU,156,0,2.01501e+09,0.496275,8, 0.000816798,,0.00030593,0.000302354,0.000382641,0.000408025,0.000496948,0.000519158,0.000685304,0.000816798,
bicubic interp; trapezoid rule; CPU,160,0,2.21493e+09,0.451481,8, 0.0095297,,0.00029905,0.000250261,0.000389959,0.000436006,0.000453342,0.000706044,0.000512792,0.0095297,
bicubic interp; trapezoid rule; CPU,164,0,2.28913e+09,0.436847,8, 0.000702143,,0.000248881,0.000289676,0.000266335,0.000547747,0.00055732,0.000499812,0.000702143,0.000594868,
bicubic interp; trapezoid rule; CPU,168,0,2.39694e+09,0.417198,8, 0.00657861,,0.000208264,0.000204331,0.000395135,0.000401481,0.000443535,0.000483587,0.000544003,0.00657861,
bicubic interp; trapezoid rule; CPU,172,0,2.5807e+09,0.387492,8, 0.000784143,,0.000176319,0.000266255,0.000337377,0.000351638,0.00046495,0.000591908,0.000707372,0.000784143,
bicubic interp; trapezoid rule; CPU,176,0,2.5914e+09,0.385892,8, 0.00075104,,0.000192565,0.000231165,0.000323632,0.00042986,0.000620216,0.000503205,0.00051897,0.00075104,
bicubic interp; trapezoid rule; CPU,180,0,2.76434e+09,0.36175,8, 0.000683942,,0.000191077,0.000241173,0.000370921,0.000342205,0.000481709,0.000428299,0.000683942,0.000640347,
bicubic interp; trapezoid rule; CPU,184,0,2.92945e+09,0.34136,8, 0.000624882,,0.000193249,0.000238282,0.000276887,0.000363693,0.000624882,0.00055502,0.000553691,0.000586863,
bicubic interp; trapezoid rule; CPU,188,0,3.1188e+09,0.320637,8, 0.000728451,,0.000208727,0.000231653,0.00038082,0.000528222,0.000609154,0.000566152,0.000651913,0.000728451,
bicubic interp; trapezoid rule; CPU,192,0,3.11731e+09,0.320789,8, 0.000767307,,0.000177459,0.00018017,0.000315883,0.000522998,0.0005858,0.000446584,0.000589085,0.000767307,
bicubic interp; trapezoid rule; CPU,196,0,3.26453e+09,0.306322,8, 0.000685851,,0.000144154,0.00022046,0.000253956,0.000338585,0.000330983,0.000517388,0.000457065,0.000685851,
bicubic interp; trapezoid rule; CPU,200,0,3.4753e+09,0.287745,8, 0.000614927,,0.000259775,0.000208091,0.000356111,0.000426108,0.000436968,0.000576177,0.000614927,0.000580817,
bicubic interp; trapezoid rule; CPU,204,0,3.62397e+09,0.275941,8, 0.00116273,,0.000142887,0.00116273,0.00037911,0.000314138,0.000313496,0.000389084,0.000463727,0.000533564,
bicubic interp; trapezoid rule; CPU,208,0,3.89951e+09,0.256443,8, 0.000749939,,0.000135579,0.000200926,0.000370327,0.000370758,0.000465439,0.000473275,0.000636598,0.000749939,
bicubic interp; trapezoid rule; CPU,212,0,4.00348e+09,0.249783,8, 0.00118425,,0.000158447,0.000187981,0.000309694,0.000377233,0.000638045,0.000563803,0.000483433,0.00118425,
bicubic interp; trapezoid rule; CPU,216,0,4.23647e+09,0.236046,8, 0.000652688,,0.000181601,0.000165869,0.000251115,0.000369684,0.000361018,0.000452828,0.000652688,0.000628099,
bicubic interp; trapezoid rule; CPU,220,0,4.18357e+09,0.23903,8, 0.000710123,,0.000172908,0.000207304,0.000346011,0.000326789,0.000379561,0.000445293,0.000710123,0.00055447,
bicubic interp; trapezoid rule; CPU,224,0,4.40955e+09,0.226781,8, 0.000721675,,0.000129342,0.000168593,0.000268415,0.000426875,0.000540828,0.000539265,0.000656077,0.000721675,
bicubic interp; trapezoid rule; CPU,228,0,4.78168e+09,0.209131,8, 0.000725738,,0.000313821,0.000169591,0.000360185,0.000308791,0.000412545,0.000525729,0.00052606,0.000725738,
bicubic interp; trapezoid rule; CPU,232,0,4.6751e+09,0.213899,8, 0.00421522,,0.000103623,0.000207714,0.000301567,0.00421522,0.000570929,0.000433635,0.00064651,0.000654703,
bicubic interp; trapezoid rule; CPU,236,0,4.89732e+09,0.204193,8, 0.00117422,,9.61031e-05,0.000174779,0.000267382,0.000502669,0.00117422,0.00102891,0.000555201,0.000586171,
bicubic interp; trapezoid rule; CPU,240,0,5.09551e+09,0.196251,8, 0.000642442,,0.000109846,0.000179131,0.000337453,0.000491866,0.000586929,0.000545654,0.0006245,0.000642442,
bicubic interp; trapezoid rule; CPU,244,0,5.40412e+09,0.185044,8, 0.000731066,,0.00012,0.000209288,0.0002753,0.000326445,0.000444895,0.000413301,0.000600842,0.000731066,
bicubic interp; trapezoid rule; CPU,248,0,5.69462e+09,0.175604,8, 0.00087255,,0.000160615,0.000163505,0.00036156,0.000287796,0.00087255,0.000484195,0.000478524,0.000691579,
bicubic interp; trapezoid rule; CPU,252,0,5.72813e+09,0.174577,8, 0.000959289,,0.000168438,0.000194193,0.000304226,0.000304561,0.000959289,0.00054514,0.00060208,0.000619641,
bicubic interp; trapezoid rule; CPU,256,0,5.99107e+09,0.166915,8, 0.000733004,,0.000141884,0.000188309,0.000257349,0.000331558,0.000309401,0.000395773,0.000482594,0.000733004,
bicubic interp; trapezoid rule; CPU,260,0,6.30211e+09,0.158677,8, 0.00109778,,9.14183e-05,0.000151333,0.000319138,0.000351686,0.000310951,0.000441776,0.000603849,0.00109778,
bicubic interp; trapezoid rule; CPU,264,0,6.31019e+09,0.158474,8, 0.00157095,,9.49345e-05,0.000207987,0.000277344,0.00157095,0.000336421,0.000532165,0.000504934,0.000708174,
bicubic interp; trapezoid rule; CPU,268,0,6.51231e+09,0.153555,8, 0.000640636,,9.68298e-05,0.000162481,0.00034458,0.000449736,0.000473383,0.00048211,0.000622614,0.000640636,
bicubic interp; trapezoid rule; CPU,272,0,6.74108e+09,0.148344,8, 0.0013082,,9.27016e-05,0.000165893,0.000300105,0.000423603,0.000492641,0.000438309,0.0013082,0.00058624,
bicubic interp; trapezoid rule; CPU,276,0,6.93371e+09,0.144223,8, 0.000640749,,0.000101099,0.000189975,0.000265057,0.000431894,0.000492925,0.000507498,0.00062515,0.000640749,
bicubic interp; trapezoid rule; CPU,280,0,7.10587e+09,0.140729,8, 0.00114346,,0.000102981,0.000171375,0.000344163,0.000324861,0.000395746,0.000539615,0.000550782,0.00114346,
bicubic interp; trapezoid rule; CPU,284,0,7.44026e+09,0.134404,8, 0.00240912,,0.000108584,0.000171391,0.000272894,0.000483161,0.000532008,0.00240912,0.000628356,0.000857166,
bicubic interp; trapezoid rule; CPU,288,0,7.7408e+09,0.129186,8, 0.000634597,,0.000110236,0.000189755,0.000339759,0.000472609,0.000634597,0.000483292,0.000549054,0.000603402,
bicubic interp; trapezoid rule; CPU,292,0,7.94934e+09,0.125797,8, 0.00268878,,0.000103557,0.000165159,0.00268878,0.000318604,0.000412365,0.000525081,0.000606172,0.000571154,
bicubic interp; trapezoid rule; CPU,296,0,8.23305e+09,0.121462,8, 0.000691601,,8.55786e-05,0.000168498,0.000317215,0.000404784,0.000550238,0.000459872,0.00056595,0.000691601,
bicubic interp; trapezoid rule; CPU,300,0,8.3696e+09,0.11948,8, 0.000686215,,7.71204e-05,0.000193044,0.00032178,0.000304321,0.000423873,0.000467129,0.000495653,0.000686215,
bicubic interp; trapezoid rule; CPU,304,0,8.55037e+09,0.116954,8, 0.00175105,,7.62901e-05,0.000144182,0.000266532,0.000309659,0.000408171,0.00175105,0.000580189,0.000630896,
bicubic interp; trapezoid rule; CPU,308,0,8.84249e+09,0.11309,8, 0.00174756,,7.95833e-05,0.000346494,0.000338914,0.000478582,0.000648191,0.000474682,0.000543168,0.00174756,
bicubic interp; trapezoid rule; CPU,312,0,9.24859e+09,0.108125,8, 0.000629157,,9.49562e-05,0.000154801,0.00029644,0.000473861,0.00046733,0.000451504,0.000610501,0.000629157,
bicubic interp; trapezoid rule; CPU,316,0,9.69981e+09,0.103095,8, 0.000772864,,8.97005e-05,0.000156359,0.000322706,0.000315442,0.000312127,0.000486314,0.000503409,0.000772864,
bicubic interp; trapezoid rule; CPU,320,0,9.65005e+09,0.103626,8, 0.00271317,,0.000103015,0.000180138,0.000294574,0.000403923,0.000458246,0.00271317,0.00059938,0.000640965,
bicubic interp; trapezoid rule; CPU,324,0,1.00468e+10,0.0995337,8, 0.000615223,,7.69156e-05,0.000158023,0.000284814,0.000302275,0.000346804,0.000436907,0.000527596,0.000615223,
bicubic interp; trapezoid rule; CPU,328,0,1.02076e+10,0.0979658,8, 0.00232276,,8.19206e-05,0.000171768,0.000338712,0.000399175,0.00108298,0.000490873,0.000961126,0.00232276,
bicubic interp; trapezoid rule; CPU,332,0,1.03555e+10,0.0965674,8, 0.208365,,0.000100334,0.000168804,0.000272609,0.000331579,0.000332966,0.000492313,0.208365,0.000675433,
bicubic interp; trapezoid rule; CPU,336,0,1.08152e+10,0.0924626,8, 0.00366287,,9.15369e-05,0.000160787,0.000745902,0.000330722,0.000370405,0.00366287,0.00108986,0.000659458,
bicubic interp; trapezoid rule; CPU,340,0,1.14152e+10,0.0876024,8, 0.000646176,,0.000249071,0.000201155,0.000333679,0.000331283,0.000401809,0.000479964,0.000572142,0.000646176,
bicubic interp; trapezoid rule; CPU,344,0,1.13871e+10,0.0878189,8, 0.00258132,,0.000115979,0.000193154,0.000270848,0.000301608,0.000385788,0.00258132,0.000581799,0.000587717,
bicubic interp; trapezoid rule; CPU,348,0,1.21313e+10,0.0824314,8, 0.0169647,,0.000107618,0.000161191,0.000357096,0.000289984,0.000404234,0.0169647,0.000580639,0.000671169,
bicubic interp; trapezoid rule; CPU,352,0,1.21681e+10,0.0821821,8, 0.0180308,,9.26119e-05,0.0180308,0.000283592,0.000406469,0.000545035,0.000462001,0.000770819,0.000705507,
bicubic interp; trapezoid rule; CPU,356,0,1.25501e+10,0.0796804,8, 0.000637419,,9.64908e-05,0.000151893,0.000339733,0.000352261,0.000398498,0.000481716,0.000560842,0.000637419,
bicubic interp; trapezoid rule; CPU,360,0,1.37398e+10,0.0727812,8, 0.00185571,,0.000106253,0.000158978,0.000299167,0.000443273,0.000528899,0.00185571,0.000715327,0.000607475,
bicubic interp; trapezoid rule; CPU,364,0,1.28508e+10,0.077816,8, 0.0225043,,9.14569e-05,0.000210874,0.000294188,0.0225043,0.000565398,0.000716206,0.000831781,0.000641037,
bicubic interp; trapezoid rule; CPU,368,0,1.31587e+10,0.0759953,8, 0.00080437,,8.66954e-05,0.00034263,0.000339203,0.000302147,0.000797645,0.000501519,0.000511457,0.00080437,
bicubic interp; trapezoid rule; CPU,372,0,1.38483e+10,0.0722111,8, 0.00706709,,7.60028e-05,0.000165891,0.000289156,0.000316423,0.00706709,0.000676448,0.000638215,0.000655113,
bicubic interp; trapezoid rule; CPU,376,0,1.37861e+10,0.0725366,8, 0.00367593,,0.000116813,0.000226796,0.000841377,0.000312253,0.000982598,0.00054608,0.00367593,0.000643442,
bicubic interp; trapezoid rule; CPU,380,0,1.43084e+10,0.0698889,8, 0.00330452,,0.000105367,0.000170391,0.000292708,0.000338756,0.000329775,0.000439841,0.000590304,0.00330452,
bicubic interp; trapezoid rule; CPU,384,0,1.52128e+10,0.0657343,8, 0.000684313,,0.000120204,0.000180884,0.000278774,0.000473134,0.000476651,0.000536077,0.000551557,0.000684313,
bicubic interp; CPU Sparse Matrix  ,4,0.023,9.33596e+06,107.113,8, 0.626115,,0.125027,0.176315,0.23544,0.626115,0.342628,0.414441,0.446117,0.472334,
bicubic interp; CPU Sparse Matrix  ,8,0.028,1.48384e+07,67.3926,8, 0.282507,,0.0625583,0.227493,0.219191,0.21922,0.267587,0.208018,0.282507,0.265333,
bicubic interp; CPU Sparse Matrix  ,12,0.04,1.27122e+07,78.6645,8, 0.173507,,0.0683756,0.151094,0.152738,0.15276,0.127676,0.163325,0.135426,0.173507,
bicubic interp; CPU Sparse Matrix  ,16,0.058,1.119e+07,89.3657,8, 0.0767472,,0.0394318,0.0656924,0.0532233,0.0568575,0.063045,0.0707491,0.0754801,0.0767472,
bicubic interp; CPU Sparse Matrix  ,20,0.096,1.30741e+07,76.4868,8, 0.0434527,,0.032766,0.0409818,0.0422331,0.0392771,0.0377837,0.0415941,0.0375046,0.0434527,
bicubic interp; CPU Sparse Matrix  ,24,0.153,1.33464e+07,74.9268,8, 0.0222101,,0.0153421,0.0156099,0.0204934,0.0198733,0.0154037,0.0222101,0.0197201,0.0178725,
bicubic interp; CPU Sparse Matrix  ,28,0.23,2.12922e+06,469.655,8, 0.016607,,0.0121663,0.0108581,0.00990369,0.0145498,0.0106748,0.0121649,0.016607,0.0125994,
bicubic interp; CPU Sparse Matrix  ,32,0.363,1.39206e+07,71.836,8, 0.0118369,,0.00851692,0.0084684,0.0114206,0.0116629,0.00928431,0.00868741,0.0113962,0.0118369,
bicubic interp; CPU Sparse Matrix  ,36,0.573,7.07305e+06,141.382,8, 0.00925679,,0.00338439,0.00324058,0.00466178,0.00513872,0.00649408,0.00773974,0.00869229,0.00925679,
bicubic interp; CPU Sparse Matrix  ,40,0.763,2.56192e+07,39.0333,8, 0.00620948,,0.00206353,0.00489302,0.00463718,0.00406113,0.00620948,0.00584229,0.00453583,0.00606347,
bicubic interp; CPU Sparse Matrix  ,44,1.044,1.59547e+07,62.6776,8, 0.00487728,,0.00208961,0.00253835,0.00364864,0.00347904,0.00382306,0.00487728,0.00465203,0.00460576,
bicubic interp; CPU Sparse Matrix  ,48,1.38,1.78611e+07,55.9877,8, 0.00435679,,0.00235991,0.00208129,0.00251999,0.00348304,0.00395515,0.00435679,0.00346646,0.00400917,
bicubic interp; CPU Sparse Matrix  ,52,1.697,2.66459e+07,37.5292,8, 0.00394024,,0.00193719,0.00205871,0.00234551,0.00263801,0.00284989,0.00312416,0.00392121,0.00394024,
bicubic interp; CPU Sparse Matrix  ,56,2.229,1.01204e+07,98.8103,8, 0.00314306,,0.00152998,0.00151811,0.00188335,0.00200213,0.00272237,0.00245862,0.00314306,0.00300774,
bicubic interp; CPU Sparse Matrix  ,60,3.007,2.55446e+07,39.1473,8, 0.00276491,,0.00112536,0.00143919,0.00144785,0.00150107,0.00195154,0.00218573,0.00276491,0.00273675,
bicubic interp; CPU Sparse Matrix  ,64,3.216,1.84341e+07,54.2474,8, 0.00237212,,0.000984389,0.00125932,0.00147412,0.00161924,0.0020543,0.00221563,0.00201903,0.00237212,
bicubic interp; CPU Sparse Matrix  ,68,3.66,3.53353e+07,28.3003,8, 0.00233914,,0.000772689,0.000989486,0.001286,0.00163293,0.00142045,0.00214562,0.00199276,0.00233914,
bicubic interp; CPU Sparse Matrix  ,72,4.233,4.70959e+07,21.2333,8, 0.00213711,,0.000844763,0.00113147,0.00137,0.00153351,0.00167907,0.00185964,0.00213711,0.00203904,
bicubic interp; CPU Sparse Matrix  ,76,5.26,3.57544e+07,27.9686,8, 0.00190998,,0.000873352,0.000940186,0.00116877,0.00134238,0.00116188,0.00162283,0.00190998,0.0018634,
bicubic interp; CPU Sparse Matrix  ,80,6.188,5.14234e+07,19.4464,8, 0.00177367,,0.000712573,0.000771462,0.00113151,0.00110855,0.00141478,0.00119604,0.00172034,0.00177367,
bicubic interp; CPU Sparse Matrix  ,84,8.514,5.09469e+07,19.6283,8, 0.00164249,,0.000659482,0.000836612,0.000937307,0.000895168,0.00100192,0.00119387,0.00144306,0.00164249,
bicubic interp; CPU Sparse Matrix  ,88,9.064,5.46729e+07,18.2906,8, 0.00157474,,0.000668432,0.000667342,0.000720522,0.00102442,0.00124593,0.00130541,0.00117094,0.00157474,
bicubic interp; CPU Sparse Matrix  ,92,10.261,6.48066e+07,15.4305,8, 0.00140372,,0.000652475,0.000628515,0.00082458,0.00103954,0.0008678,0.00131835,0.00128831,0.00140372,
bicubic interp; CPU Sparse Matrix  ,96,11.618,6.03798e+07,16.5618,8, 0.00139597,,0.000581353,0.00067986,0.000763845,0.000969129,0.00110784,0.00125687,0.00138116,0.00139597,
bicubic interp; CPU Sparse Matrix  ,100,13.388,1.04541e+08,9.56559,8, 0.00130221,,0.000478064,0.000568518,0.000830004,0.000842229,0.0007529,0.00113374,0.00130221,0.0012283,
bicubic interp; CPU Sparse Matrix  ,104,15.077,1.28592e+08,7.77652,8, 0.0012882,,0.0003537,0.000489401,0.000740033,0.000686179,0.000977614,0.000938976,0.00118098,0.0012882,
bicubic interp; CPU Sparse Matrix  ,108,19.17,7.71894e+07,12.9551,8, 0.00108699,,0.000389172,0.000530948,0.000646189,0.00070565,0.000690563,0.000834585,0.000997319,0.00108699,
bicubic interp; CPU Sparse Matrix  ,112,20.151,9.55027e+07,10.4709,8, 0.00118439,,0.000403628,0.000435429,0.00067205,0.000779274,0.000877226,0.000894002,0.000841748,0.00118439,
bicubic interp; CPU Sparse Matrix  ,116,20.252,1.13689e+08,8.79591,8, 0.00100461,,0.000410178,0.000524603,0.000516447,0.000763187,0.000670391,0.000947828,0.000977002,0.00100461,
bicubic interp; CPU Sparse Matrix  ,120,23.32,1.32361e+08,7.55509,8, 0.00109227,,0.000520739,0.000439901,0.000575853,0.000689921,0.000809269,0.000958133,0.000989629,0.00109227,
bicubic interp; CPU Sparse Matrix  ,124,26.721,1.55284e+08,6.4398,8, 0.000945111,,0.000524565,0.000423205,0.000578765,0.000585188,0.000621283,0.000881352,0.000945111,0.000914655,
bicubic interp; CPU Sparse Matrix  ,128,32.999,1.55204e+08,6.44312,8, 0.00102505,,0.000358809,0.000396574,0.000547232,0.000495969,0.000726077,0.000760166,0.000834049,0.00102505,
bicubic interp; CPU Sparse Matrix  ,132,34.597,1.59759e+08,6.25944,8, 0.000824032,,0.000281683,0.000391351,0.000522759,0.00057893,0.000589443,0.00063849,0.000725448,0.000824032,
bicubic interp; CPU Sparse Matrix  ,136,37.238,1.71253e+08,5.8393,8, 0.000935996,,0.000261603,0.000321112,0.000414284,0.000630278,0.000680906,0.000678821,0.000691128,0.000935996,
bicubic interp; CPU Sparse Matrix  ,140,41.033,2.01599e+08,4.96034,8, 0.000804347,,0.000258053,0.00040389,0.000396675,0.000593781,0.000566067,0.000707092,0.000804347,0.00073491,
bicubic interp; CPU Sparse Matrix  ,144,45.465,1.95901e+08,5.10463,8, 0.000892598,,0.000260816,0.00030849,0.000419665,0.000542476,0.000614443,0.000761353,0.000814717,0.000892598,
bicubic interp; CPU Sparse Matrix  ,148,49.333,2.42754e+08,4.1194,8, 0.00121931,,0.000251242,0.000354343,0.000445967,0.000463094,0.000544473,0.000726009,0.000769833,0.00121931,
bicubic interp; CPU Sparse Matrix  ,152,52.409,2.57361e+08,3.88559,8, 0.000841231,,0.000241907,0.000353135,0.000454204,0.000477346,0.000582594,0.000671585,0.000666057,0.000841231,
bicubic interp; CPU Sparse Matrix  ,156,61.235,2.87047e+08,3.48375,8, 0.000896852,,0.000326514,0.000330647,0.000477162,0.000473531,0.000692519,0.000657924,0.000672256,0.000896852,
bicubic interp; CPU Sparse Matrix  ,160,66.93,3.16364e+08,3.16092,8, 0.0094725,,0.000310403,0.000317696,0.000417924,0.000499791,0.000548781,0.000765724,0.000769503,0.0094725,
bicubic interp; CPU Sparse Matrix  ,164,71.854,2.77229e+08,3.60713,8, 0.00112694,,0.000303537,0.000375941,0.000447646,0.000526896,0.000674383,0.000807121,0.00112694,0.000934486,
bicubic interp; CPU Sparse Matrix  ,168,73.48,3.61053e+08,2.76968,8, 0.000876601,,0.000269008,0.000394041,0.000535597,0.000792198,0.000633727,0.000876601,0.000787958,0.000866568,
bicubic interp; CPU Sparse Matrix  ,172,81.814,3.77912e+08,2.64612,8, 0.00129322,,0.000210135,0.000376603,0.000524088,0.000566922,0.000628408,0.00119818,0.000822981,0.00129322,
bicubic interp; CPU Sparse Matrix  ,176,86.305,3.91443e+08,2.55465,8, 0.00134999,,0.000296302,0.00043809,0.000552898,0.000845669,0.00104134,0.000905693,0.000924452,0.00134999,
bicubic interp; CPU Sparse Matrix  ,180,94.043,4.51334e+08,2.21565,8, 0.00149363,,0.00036489,0.000470619,0.000797906,0.000854609,0.00105663,0.000837801,0.000967907,0.00149363,
bicubic interp; CPU Sparse Matrix  ,184,101.995,5.47506e+08,1.82646,8, 0.00140349,,0.000290865,0.00044082,0.00122438,0.000765532,0.000945895,0.00137521,0.00109339,0.00140349,
bicubic interp; CPU Sparse Matrix  ,188,115.479,5.22195e+08,1.91499,8, 0.00180588,,0.000226643,0.000647802,0.00111062,0.00100248,0.0011744,0.00121665,0.00178101,0.00180588,
bicubic interp; CPU Sparse Matrix  ,192,124.489,4.33541e+08,2.30659,8, 0.00249164,,0.000296684,0.000709657,0.00106486,0.00128359,0.00112355,0.00151448,0.00120057,0.00249164,
bicubic interp; CPU Sparse Matrix  ,196,132.138,5.61677e+08,1.78038,8, 0.00227662,,0.000349951,0.000690214,0.00118576,0.00103596,0.00122205,0.00226271,0.00183806,0.00227662,
bicubic interp; CPU Sparse Matrix  ,200,141.215,5.20899e+08,1.91976,8, 0.0024544,,0.000298847,0.000883659,0.000924006,0.00101865,0.00124131,0.00175528,0.001899,0.0024544,
bicubic interp; CPU Sparse Matrix  ,204,151.361,5.47492e+08,1.82651,8, 0.00343632,,0.000441596,0.00116249,0.00112862,0.00129254,0.00144707,0.00161603,0.00343632,0.00311191,
bicubic interp; CPU Sparse Matrix  ,208,158.566,5.28297e+08,1.89288,8, 0.00229054,,0.000350612,0.00138054,0.00101976,0.00129189,0.00197574,0.00221698,0.00220294,0.00229054,
bicubic interp; CPU Sparse Matrix  ,212,166.488,7.01575e+08,1.42537,8, 0.00303794,,0.000380673,0.00101044,0.00122594,0.00263295,0.00216701,0.00213055,0.00303794,0.00257269,
bicubic interp; CPU Sparse Matrix  ,216,176.85,6.53769e+08,1.52959,8, 0.00324836,,0.00036365,0.000944726,0.00202509,0.00194833,0.00165271,0.00223319,0.00324836,0.00321794,
bicubic interp; CPU Sparse Matrix  ,220,188.519,7.07669e+08,1.41309,8, 0.00401339,,0.00048664,0.00122619,0.00175371,0.00236346,0.00284472,0.00279704,0.00243854,0.00401339,
bicubic interp; CPU Sparse Matrix  ,224,198.068,8.04213e+08,1.24345,8, 0.00467978,,0.000447836,0.00160053,0.00203291,0.00188947,0.00230096,0.00428417,0.00322059,0.00467978,
bicubic interp; CPU Sparse Matrix  ,228,209.171,7.93306e+08,1.26055,8, 0.00526966,,0.000630078,0.00136448,0.00220805,0.00316726,0.00496942,0.0032755,0.00346242,0.00526966,
bicubic interp; CPU Sparse Matrix  ,232,220.548,8.17182e+08,1.22372,8, 0.00543741,,0.000911624,0.00196942,0.00178927,0.00426869,0.00325013,0.00543741,0.00354298,0.00438013,
bicubic interp; CPU Sparse Matrix  ,236,233.933,8.65654e+08,1.1552,8, 0.0097225,,0.000873559,0.00151716,0.00176678,0.00342015,0.00399714,0.00308213,0.00444638,0.0097225,
bicubic interp; CPU Sparse Matrix  ,240,246.53,8.0636e+08,1.24014,8, 0.00954398,,0.00086099,0.00282108,0.00310722,0.00421987,0.00365379,0.00322338,0.00575317,0.00954398,
