There were 324 entries. 
Diffs:
rho        Analytic vs Quadrature       Error due to truncation         Error due to interp             Analytic vs interp              interp vs dot-product GA          GPU vs CPU
0.00000    0.00000e+00	0.00000e+00	0.00000e+00	0.00000e+00	0.00000e+00	0.00000e+00	0.00000e+00	0.00000e+00
0.37500    5.78241e-19	3.46945e-18	2.46859e-57	5.23668e-57	6.40463e-03	1.93245e-02	6.40463e-03	1.93245e-02
0.75000    2.31296e-18	6.93889e-18	7.91218e-58	1.91171e-57	1.36475e-02	4.09523e-02	1.36475e-02	4.09523e-02
1.12500    1.33278e-18	5.20417e-18	3.42642e-67	1.18695e-66	1.97417e-03	5.92265e-03	1.97417e-03	5.92265e-03
1.50000    1.32672e-20	4.74338e-20	1.35742e-88	5.02691e-88	1.82035e-05	5.46112e-05	1.82035e-05	5.46112e-05
1.87500    9.98726e-24	3.30872e-23	0.00000e+00	0.00000e+00	1.04124e-08	3.12399e-08	1.04124e-08	3.12399e-08
2.25000    4.23828e-28	1.21169e-27	0.00000e+00	0.00000e+00	4.02807e-13	1.08928e-12	4.02807e-13	1.08928e-12
2.62500    1.04318e-30	2.46519e-30	0.00000e+00	0.00000e+00	2.65663e-16	5.63674e-16	2.65663e-16	5.63674e-16
3.00000    1.99811e-34	4.45371e-34	0.00000e+00	0.00000e+00	2.42512e-20	5.14459e-20	2.42512e-20	5.14459e-20
There were 1296 entries. 
Diffs:
rho        Analytic vs Quadrature       Error due to truncation         Error due to interp             Analytic vs interp              interp vs dot-product GA          GPU vs CPU
0.00000    0.00000e+00	0.00000e+00	0.00000e+00	0.00000e+00	0.00000e+00	0.00000e+00	0.00000e+00	0.00000e+00
0.37500    2.22064e-16	1.77636e-15	8.85391e-57	3.75630e-56	5.15308e-01	3.16032e+00	5.15308e-01	3.16032e+00
0.75000    2.50987e-17	2.22045e-16	8.53512e-58	1.01958e-56	5.46204e-02	3.34841e-01	5.46204e-02	3.34841e-01
1.12500    1.48177e-18	8.67362e-18	3.76592e-69	1.85460e-68	8.22579e-04	3.50961e-03	8.22579e-04	3.50961e-03
1.50000    2.62301e-20	2.57498e-19	6.78711e-89	5.02691e-88	9.34340e-06	3.98578e-05	9.34340e-06	3.98578e-05
1.87500    4.91097e-23	3.44107e-22	0.00000e+00	0.00000e+00	1.04821e-08	5.92375e-08	1.04821e-08	5.92375e-08
2.25000    3.13606e-26	1.51865e-25	0.00000e+00	0.00000e+00	5.24949e-12	2.08620e-11	5.24949e-12	2.08620e-11
2.62500    4.31416e-30	3.47099e-29	0.00000e+00	0.00000e+00	4.93223e-16	1.92999e-15	4.93223e-16	1.92999e-15
3.00000    1.69838e-34	6.74075e-34	0.00000e+00	0.00000e+00	1.04411e-20	3.48701e-20	1.04411e-20	3.48701e-20
There were 5184 entries. 
Diffs:
rho        Analytic vs Quadrature       Error due to truncation         Error due to interp             Analytic vs interp              interp vs dot-product GA          GPU vs CPU
0.00000    0.00000e+00	0.00000e+00	0.00000e+00	0.00000e+00	0.00000e+00	0.00000e+00	0.00000e+00	0.00000e+00
0.37500    2.40890e-16	3.55271e-15	5.60345e-57	3.99689e-56	9.89933e-02	1.49773e+00	9.89933e-02	1.49773e+00
0.75000    4.94642e-17	4.44089e-16	3.18904e-58	5.09789e-57	1.78086e-02	1.47743e-01	1.78086e-02	1.47743e-01
1.12500    2.41364e-18	2.42861e-17	3.16519e-66	3.79823e-65	4.55487e-04	3.41119e-03	4.55487e-04	3.41119e-03
1.50000    2.63402e-20	2.57498e-19	2.67003e-89	3.77018e-88	2.91648e-06	1.93122e-05	2.91648e-06	1.93122e-05
1.87500    6.83977e-23	4.36751e-22	0.00000e+00	0.00000e+00	4.69479e-09	3.05664e-08	4.69479e-09	3.05664e-08
2.25000    4.30980e-26	2.61725e-25	0.00000e+00	0.00000e+00	2.03752e-12	1.01793e-11	2.03752e-12	1.01793e-11
2.62500    4.49406e-30	3.11600e-29	0.00000e+00	0.00000e+00	2.28636e-16	1.24702e-15	2.28636e-16	1.24702e-15
3.00000    1.48580e-34	9.99076e-34	0.00000e+00	0.00000e+00	5.45586e-21	2.94972e-20	5.45586e-21	2.94972e-20
There were 20736 entries. 
Diffs:
rho        Analytic vs Quadrature       Error due to truncation         Error due to interp             Analytic vs interp              interp vs dot-product GA          GPU vs CPU
0.00000    0.00000e+00	0.00000e+00	0.00000e+00	0.00000e+00	0.00000e+00	0.00000e+00	0.00000e+00	0.00000e+00
0.37500    1.67888e-16	3.55271e-15	9.81151e-57	1.03710e-55	3.98695e-02	7.49333e-01	3.98695e-02	7.49333e-01
0.75000    5.48547e-17	6.66134e-16	4.05847e-58	1.01958e-56	5.79603e-03	5.74616e-02	5.79603e-03	5.74616e-02
1.12500    2.80076e-18	3.12250e-17	3.24155e-63	1.55575e-61	1.87946e-04	1.52882e-03	1.87946e-04	1.52882e-03
1.50000    3.09985e-20	2.71051e-19	2.14482e-86	5.14756e-85	1.11239e-06	9.74340e-06	1.11239e-06	9.74340e-06
1.87500    6.75495e-23	7.01449e-22	0.00000e+00	0.00000e+00	1.98782e-09	1.82085e-08	1.98782e-09	1.82085e-08
2.25000    4.03569e-26	3.65123e-25	0.00000e+00	0.00000e+00	6.97799e-13	8.26357e-12	6.97799e-13	8.26357e-12
2.62500    5.29811e-30	4.37818e-29	0.00000e+00	0.00000e+00	7.88223e-17	6.21644e-16	7.88223e-17	6.21644e-16
3.00000    1.67887e-34	1.36019e-33	0.00000e+00	0.00000e+00	2.24545e-21	1.82588e-20	2.24545e-21	1.82588e-20
There were 82944 entries. 
Diffs:
rho        Analytic vs Quadrature       Error due to truncation         Error due to interp             Analytic vs interp              interp vs dot-product GA          GPU vs CPU
0.00000    0.00000e+00	0.00000e+00	0.00000e+00	0.00000e+00	0.00000e+00	0.00000e+00	0.00000e+00	0.00000e+00
0.37500    2.18401e-16	5.32907e-15	2.41696e-56	3.67048e-55	2.91781e-02	4.81702e-01	2.91781e-02	4.81702e-01
0.75000    4.54203e-17	7.21645e-16	1.37498e-56	1.30506e-54	2.45563e-03	3.67456e-02	2.45563e-03	3.67456e-02
1.12500    2.64396e-18	3.46945e-17	4.05246e-64	3.88938e-62	4.91702e-05	1.19796e-03	4.91702e-05	1.19796e-03
1.50000    2.76934e-20	3.65918e-19	3.10678e-83	2.10844e-81	4.60921e-07	4.73195e-06	4.60921e-07	4.73195e-06
1.87500    6.91887e-23	6.88214e-22	0.00000e+00	0.00000e+00	9.26227e-10	1.01270e-08	9.26227e-10	1.01270e-08
2.25000    4.06090e-26	4.45902e-25	0.00000e+00	0.00000e+00	3.62114e-13	4.37822e-12	3.62114e-13	4.37822e-12
2.62500    5.55859e-30	5.12760e-29	0.00000e+00	0.00000e+00	4.50585e-17	4.91113e-16	4.50585e-17	4.91113e-16
3.00000    1.86364e-34	1.48056e-33	0.00000e+00	0.00000e+00	6.63230e-22	5.20947e-21	6.63230e-22	5.20947e-21
There were 331776 entries. 
Diffs:
rho        Analytic vs Quadrature       Error due to truncation         Error due to interp             Analytic vs interp              interp vs dot-product GA          GPU vs CPU
0.00000    0.00000e+00	0.00000e+00	0.00000e+00	0.00000e+00	0.00000e+00	0.00000e+00	0.00000e+00	0.00000e+00
0.37500    2.24942e-16	5.32907e-15	3.59272e-56	1.14193e-54	1.20598e-02	2.06381e-01	1.20598e-02	2.06381e-01
0.75000    5.08036e-17	9.99201e-16	4.31788e-57	6.52530e-55	1.05555e-03	1.85267e-02	1.05555e-03	1.85267e-02
1.12500    2.57324e-18	3.98986e-17	8.23944e-64	1.55575e-61	3.08969e-05	7.13663e-04	3.08969e-05	7.13663e-04
1.50000    2.85134e-20	3.59142e-19	1.47391e-75	2.82990e-73	1.48813e-07	2.62008e-06	1.48813e-07	2.62008e-06
1.87500    7.30313e-23	8.00711e-22	0.00000e+00	0.00000e+00	3.98122e-10	6.02424e-09	3.98122e-10	6.02424e-09
2.25000    4.19682e-26	4.26515e-25	0.00000e+00	0.00000e+00	1.67185e-13	1.79678e-12	1.67185e-13	1.79678e-12
2.62500    5.63305e-30	6.07423e-29	0.00000e+00	0.00000e+00	1.32797e-17	1.69013e-16	1.32797e-17	1.69013e-16
3.00000    1.80845e-34	1.69723e-33	0.00000e+00	0.00000e+00	4.09629e-22	4.92067e-21	4.09629e-22	4.92067e-21
