chebyshev interp, CPU Dense Matrix ;8;511;67779;8; 0.670663 0.674114 0.67669 0.676955 0.673521 0.665029 0.650038 0.626839 0.593214 0.546132 0.511745 0.655845 0.679478 0.691988 0.694653 0.687817 0.670954 0.679271 0.705364 0.706882 0.699517 0.682734 0.683804 0.695316 0.697381 0.690129 0.695262 0.698252 0.692324 0.677015;

chebyshev interp, CPU Dense Matrix ;16;8437;1.03154e+06;8; 0.0597624 0.0478328 0.0319521 0.0127071 0.0213104 0.0334193 0.0527866 0.0624462 0.0616394 0.0451074 0.0367985 0.0421647 0.0441869 0.058629 0.0654009 0.0548845 0.0468247 0.0437755 0.0427776 0.0534725 0.0553784 0.0466822 0.045223 0.0504314 0.0576371 0.0541156 0.0452831 0.0453264 0.0552987 0.0583091;

chebyshev interp, CPU Dense Matrix ;32;152771;2.295e+07;8; 1.50327e-05 1.46943e-05 3.11235e-05 2.48296e-05 9.30289e-06 3.51807e-05 4.5713e-05 1.62625e-05 3.11426e-05 5.48162e-05 3.27455e-05 2.5959e-05 5.06714e-05 3.93392e-05 2.54921e-05 4.0806e-05 3.67595e-05 2.45311e-05 3.07141e-05 2.92325e-05 2.92667e-05 2.85277e-05 3.03733e-05 2.94491e-05 2.98764e-05 2.88523e-05 2.78428e-05 2.93144e-05 3.00513e-05 3.1775e-05;

chebyshev interp, CPU Dense Matrix ;64;2.42184e+06;3.69546e+08;8; 2.42563e-12 2.19718e-12 2.22541e-12 2.41219e-12 2.74662e-12 3.25139e-12 3.72145e-12 3.95718e-12 4.00407e-12 3.88983e-12 3.76066e-12 4.23899e-12 4.68796e-12 5.08315e-12 5.39159e-12 5.59531e-12 5.67331e-12 5.60781e-12 5.40414e-12 5.05511e-12 4.58182e-12 4.96079e-12 5.48357e-12 5.92433e-12 6.25263e-12 6.44383e-12 6.47564e-12 6.9767e-12 7.69318e-12 8.20176e-12;

linear interp, trapezoid rule, CPU ;8;0;1.94542e+07;8; 0.48419 0.475503 0.459829 0.433982 0.393934 0.334356 0.260778 0.18449 0.169617 0.222939 0.329802 0.450679 0.46708 0.408822 0.408714 0.445929 0.51345 0.649948 0.589121 0.478271 0.49606 0.443745 0.385719 0.440226 0.475742 0.477521 0.426792 0.472122 0.513672 0.426581;
linear interp, CPU Sparse Matrix   ;8;3;22216;8; 0.484378 0.475668 0.459972 0.434105 0.394036 0.334438 0.260456 0.184124 0.169478 0.221975 0.329522 0.449547 0.467193 0.408292 0.409797 0.445974 0.513467 0.6499 0.589848 0.478329 0.49495 0.445482 0.386535 0.438992 0.475524 0.477036 0.425338 0.472855 0.514748 0.429232;
linear interp, GPU Sparse Matrix   ;8;2596;143251;8; 0.484378 0.475668 0.459972 0.434105 0.394036 0.334438 0.260456 0.184124 0.169478 0.221975 0.329522 0.449547 0.467193 0.408292 0.409797 0.445974 0.513467 0.6499 0.589848 0.478329 0.49495 0.445482 0.386535 0.438992 0.475524 0.477036 0.425338 0.472855 0.514748 0.429232;
bicubic interp, trapezoid rule, CPU;8;0;2.02105e+07;8; 0.0392071 0.0743782 0.112269 0.147512 0.175681 0.193133 0.196438 0.181518 0.142431 0.0774812 0.0985485 0.168821 0.203594 0.231342 0.244808 0.242897 0.224301 0.221573 0.241798 0.239308 0.219668 0.183171 0.257134 0.283557 0.289023 0.274164 0.237365 0.240698 0.231289 0.205864;
bicubic interp, CPU Sparse Matrix  ;8;20;362172;8; 0.0392071 0.0743782 0.112269 0.147512 0.175681 0.193133 0.196438 0.181518 0.142431 0.0774812 0.0985485 0.168821 0.203594 0.231342 0.244808 0.242897 0.224301 0.221573 0.241798 0.239308 0.219668 0.183171 0.257134 0.283557 0.289023 0.274164 0.237365 0.240698 0.231289 0.205864;
bicubic interp, GPU Sparse Matrix  ;8;60;415275;8; 0.0392071 0.0743782 0.112269 0.147512 0.175681 0.193133 0.196438 0.181518 0.142431 0.0774812 0.0985485 0.168821 0.203594 0.231342 0.244808 0.242897 0.224301 0.221573 0.241798 0.239308 0.219668 0.183171 0.257134 0.283557 0.289023 0.274164 0.237365 0.240698 0.231289 0.205864;
DCT+Bessel+IDCT                    ;8;0;19884;8; 0.0258627 0.0499363 0.0761218 0.100292 0.118986 0.129536 0.129926 0.118536 0.0939064 0.0545587 0.0650091 0.124817 0.157114 0.175897 0.181386 0.173494 0.151765 0.167344 0.183908 0.183829 0.170913 0.144793 0.172048 0.189534 0.192768 0.181977 0.17253 0.1756 0.166178 0.144268;
DCT+Bessel+IDCT, on padded grid    ;8;6;552347;8; 0.0259302 0.0500701 0.0763329 0.100582 0.119348 0.129954 0.130368 0.118955 0.0942315 0.0546821 0.0655228 0.126112 0.158961 0.178173 0.183952 0.176181 0.15434 0.170462 0.187172 0.186902 0.173459 0.14637 0.183053 0.203012 0.208036 0.198169 0.182767 0.186308 0.176431 0.152799;

linear interp, trapezoid rule, CPU ;16;0;9.41947e+07;8; 0.226074 0.151805 0.0533618 0.156272 0.223408 0.127052 0.118458 0.3412 0.227269 0.183953 0.15831 0.176881 0.193182 0.153108 0.155862 0.127595 0.232449 0.179479 0.145679 0.136606 0.203586 0.230278 0.189051 0.189965 0.158138 0.205006 0.218567 0.200599 0.134 0.17736;
linear interp, CPU Sparse Matrix   ;16;53;725098;8; 0.226154 0.151857 0.05317 0.156254 0.222913 0.126885 0.118391 0.340741 0.228251 0.184249 0.15802 0.176667 0.194833 0.153018 0.154981 0.127092 0.23199 0.179908 0.143532 0.136673 0.202949 0.229002 0.187374 0.190238 0.156943 0.203409 0.217999 0.199697 0.135329 0.177257;
linear interp, GPU Sparse Matrix   ;16;65;159875;8; 0.226154 0.151857 0.05317 0.156254 0.222913 0.126885 0.118391 0.340741 0.228251 0.184249 0.15802 0.176667 0.194833 0.153018 0.154981 0.127092 0.23199 0.179908 0.143532 0.136673 0.202949 0.229002 0.187374 0.190238 0.156943 0.203409 0.217999 0.199697 0.135329 0.177257;
bicubic interp, trapezoid rule, CPU;16;0;9.06224e+07;8; 0.00899919 0.0126299 0.0121057 0.00532117 0.00390909 0.0108472 0.0130036 0.012176 0.00730074 0.00852092 0.0137437 0.0123105 0.00830544 0.00741979 0.0136928 0.0164275 0.0120877 0.00764837 0.00970846 0.0170381 0.0170669 0.0110322 0.00804874 0.0140162 0.0189939 0.0156479 0.0102688 0.00793361 0.0173089 0.0193905;
bicubic interp, CPU Sparse Matrix  ;16;165;1.59846e+06;8; 0.00899919 0.0126299 0.0121057 0.00532117 0.00390909 0.0108472 0.0130036 0.012176 0.00730074 0.00852092 0.0137437 0.0123105 0.00830544 0.00741979 0.0136928 0.0164276 0.0120877 0.00764837 0.00970845 0.0170381 0.0170669 0.0110322 0.0080487 0.0140162 0.0189939 0.0156479 0.0102688 0.00793362 0.0173089 0.0193905;
bicubic interp, GPU Sparse Matrix  ;16;548;1.78684e+06;8; 0.00899919 0.0126299 0.0121057 0.00532117 0.00390909 0.0108472 0.0130036 0.012176 0.00730074 0.00852092 0.0137437 0.0123105 0.00830544 0.00741979 0.0136928 0.0164276 0.0120877 0.00764837 0.00970845 0.0170381 0.0170669 0.0110322 0.0080487 0.0140162 0.0189939 0.0156479 0.0102688 0.00793362 0.0173089 0.0193905;
DCT+Bessel+IDCT                    ;16;1;117469;8; 6.41967e-05 0.000100036 9.99149e-05 5.14025e-05 7.57844e-05 0.000220065 0.000322651 0.000255182 0.000121987 0.000310289 0.000536595 0.00051754 0.000356738 0.000223555 0.000587186 0.000716067 0.00053449 0.000365983 0.000450967 0.000949366 0.00182348 0.00342809 0.00639525 0.0117291 0.0207352 0.0354486 0.0586075 0.0920889 0.138867 0.202055;
DCT+Bessel+IDCT, on padded grid    ;16;18;1.61683e+06;8; 6.69946e-05 0.000104428 0.000104322 5.29702e-05 8.02208e-05 0.000231054 0.000339034 0.000266708 0.000126247 0.000338269 0.000586228 0.000566945 0.000376392 0.000238849 0.000655938 0.000804058 0.000610319 0.000405494 0.000486375 0.000888767 0.000900218 0.0005942 0.000447201 0.00075982 0.00104663 0.000868724 0.000525916 0.000427706 0.000978834 0.00110363;

linear interp, trapezoid rule, CPU ;32;0;3.25102e+08;8; 0.00869468 0.0841126 0.0163233 0.0819026 0.0194881 0.0613731 0.039605 0.0467197 0.0560845 0.105312 0.0585879 0.0519061 0.0627611 0.0423801 0.0552909 0.0433748 0.0532102 0.0455117 0.0871266 0.0615414 0.065601 0.0790838 0.0497438 0.0692526 0.0472823 0.119393 0.0605868 0.0936687 0.0814405 0.0661368;
linear interp, CPU Sparse Matrix   ;32;266;1.28319e+06;8; 0.00859651 0.0843893 0.0161059 0.0815918 0.0194526 0.0610171 0.0392061 0.0447943 0.0551706 0.106431 0.0595277 0.0526625 0.0610688 0.0421609 0.0538032 0.0433824 0.0532048 0.0452258 0.0856355 0.0611516 0.0646644 0.0786413 0.0484119 0.0672614 0.0477438 0.117996 0.0591356 0.0926861 0.0814671 0.0664518;
linear interp, GPU Sparse Matrix   ;32;638;464303;8; 0.00859651 0.0843893 0.0161059 0.0815918 0.0194526 0.0610171 0.0392061 0.0447943 0.0551706 0.106431 0.0595277 0.0526625 0.0610688 0.0421609 0.0538032 0.0433824 0.0532048 0.0452258 0.0856355 0.0611516 0.0646644 0.0786413 0.0484119 0.0672614 0.0477438 0.117996 0.0591356 0.0926861 0.0814671 0.0664518;
bicubic interp, trapezoid rule, CPU;32;1;3.2371e+08;8; 0.000633743 0.000187618 0.000383881 8.21042e-05 0.000281163 0.000180419 0.000637084 0.000387466 0.000292793 0.000362783 0.000255551 0.000360323 0.00022447 0.000444359 0.00022965 0.000469413 0.00023622 0.00043043 0.000353395 0.000335983 0.000471534 0.000209555 0.000540115 0.000233644 0.000540134 0.000294058 0.000471332 0.000402992 0.000345766 0.000526108;
bicubic interp, CPU Sparse Matrix  ;32;1227;1.24271e+07;8; 0.000633744 0.000187608 0.000383881 8.21039e-05 0.000281163 0.000180421 0.000637075 0.000387466 0.000292789 0.000362784 0.000255549 0.000360319 0.00022447 0.000444358 0.00022965 0.000469413 0.00023622 0.000430431 0.000353397 0.000336093 0.000471548 0.000209555 0.000540116 0.000233624 0.000540135 0.00029406 0.00047133 0.000402982 0.000345763 0.000526117;
bicubic interp, GPU Sparse Matrix  ;32;4670;6.79154e+06;8; 0.000633744 0.000187608 0.000383881 8.21039e-05 0.000281163 0.000180421 0.000637075 0.000387466 0.000292789 0.000362784 0.000255549 0.000360319 0.00022447 0.000444358 0.00022965 0.000469413 0.00023622 0.000430431 0.000353397 0.000336093 0.000471548 0.000209555 0.000540116 0.000233624 0.000540135 0.00029406 0.00047133 0.000402982 0.000345763 0.000526117;
DCT+Bessel+IDCT                    ;32;6;509058;8; 7.77853e-12 3.0293e-11 1.14304e-10 4.35967e-10 1.68723e-09 6.60525e-09 2.47005e-08 8.42099e-08 2.67427e-07 8.05491e-07 2.31278e-06 6.35506e-06 1.66478e-05 4.18326e-05 0.000100881 0.000233486 0.000517679 0.00110474 0.00225765 0.00444442 0.00837948 0.0152055 0.0265186 0.0444224 0.0714663 0.110581 0.164701 0.235232 0.323341 0.426859;
DCT+Bessel+IDCT, on padded grid    ;32;75;6.75036e+06;8; 4.49995e-13 6.9956e-13 6.38448e-13 6.59632e-13 8.31157e-13 7.20916e-13 1.25336e-12 7.52533e-13 1.53883e-12 1.20269e-12 1.60789e-12 1.70444e-12 1.44084e-12 2.13125e-12 1.06014e-12 2.37742e-12 1.22261e-12 2.35837e-12 1.76335e-12 2.08599e-12 2.21913e-12 1.63498e-12 2.42061e-12 1.18321e-12 2.37049e-12 1.74805e-12 2.13068e-12 2.34932e-12 2.04308e-12 2.80773e-12;

linear interp, trapezoid rule, CPU ;64;0;1.23933e+09;8; 0.00678346 0.00441695 0.00383872 0.00679894 0.0117075 0.0196564 0.0230327 0.0232317 0.015141 0.0164432 0.0338615 0.019809 0.0126524 0.00937506 0.0135092 0.018452 0.0213935 0.0211122 0.015746 0.0416586 0.0313761 0.0218342 0.0131983 0.0122967 0.0175019 0.0252066 0.0272893 0.0251698 0.0128209 0.04414;
linear interp, CPU Sparse Matrix   ;64;2032;8.94999e+06;8; 0.00682585 0.00439178 0.00376298 0.00669858 0.0125227 0.019615 0.0229023 0.0222566 0.0152616 0.0167009 0.0337429 0.0196212 0.0125778 0.00908569 0.0129835 0.0178015 0.0209557 0.0208334 0.015295 0.0408802 0.0304017 0.0209763 0.0131852 0.0113868 0.0172513 0.0238707 0.0269425 0.0252637 0.0128757 0.0432505;
linear interp, GPU Sparse Matrix   ;64;5588;2.10339e+06;8; 0.00682585 0.00439178 0.00376298 0.00669858 0.0125227 0.019615 0.0229023 0.0222566 0.0152616 0.0167009 0.0337429 0.0196212 0.0125778 0.00908569 0.0129835 0.0178015 0.0209557 0.0208334 0.015295 0.0408802 0.0304017 0.0209763 0.0131852 0.0113868 0.0172513 0.0238707 0.0269425 0.0252637 0.0128757 0.0432505;
bicubic interp, trapezoid rule, CPU;64;4;9.4876e+08;8; 2.2944e-05 2.01644e-05 1.05054e-05 5.76859e-06 1.13087e-05 1.57409e-05 1.49051e-05 1.22843e-05 1.58533e-05 1.08157e-05 1.09976e-05 1.17201e-05 1.31379e-05 1.39038e-05 1.34135e-05 1.17628e-05 9.414e-06 7.99716e-06 8.46305e-06 1.00936e-05 1.31269e-05 1.53185e-05 1.6718e-05 1.68827e-05 1.54318e-05 1.27661e-05 9.57004e-06 9.37495e-06 1.02028e-05 1.19032e-05;
bicubic interp, CPU Sparse Matrix  ;64;9427;8.37049e+07;8; 2.2946e-05 2.01644e-05 1.05078e-05 5.76851e-06 1.13085e-05 1.57405e-05 1.4906e-05 1.22854e-05 1.10267e-05 1.08154e-05 1.09978e-05 1.17265e-05 1.3139e-05 1.38994e-05 1.34134e-05 1.17633e-05 9.41322e-06 7.9968e-06 8.4658e-06 1.00875e-05 1.3127e-05 1.53175e-05 1.67179e-05 1.68806e-05 1.54408e-05 1.27671e-05 9.57374e-06 9.37493e-06 1.02034e-05 1.18131e-05;
bicubic interp, GPU Sparse Matrix  ;64;55988;3.03248e+07;8; 2.2946e-05 2.01644e-05 1.05078e-05 5.76851e-06 1.13085e-05 1.57405e-05 1.4906e-05 1.22854e-05 1.10267e-05 1.08154e-05 1.09978e-05 1.17265e-05 1.3139e-05 1.38994e-05 1.34134e-05 1.17633e-05 9.41322e-06 7.9968e-06 8.4658e-06 1.00875e-05 1.3127e-05 1.53175e-05 1.67179e-05 1.68806e-05 1.54408e-05 1.27671e-05 9.57374e-06 9.37493e-06 1.02034e-05 1.18131e-05;
DCT+Bessel+IDCT                    ;64;30;2.55973e+06;8; 3.87163e-11 1.38937e-10 4.98041e-10 1.82378e-09 6.79856e-09 2.56798e-08 9.17279e-08 2.98416e-07 9.07684e-07 2.61356e-06 7.16771e-06 1.8782e-05 4.7106e-05 0.000113198 0.00026083 0.000576608 0.00122345 0.00249187 0.00487413 0.00915715 0.0165269 0.0286546 0.0477419 0.0764345 0.117608 0.173925 0.247227 0.337798 0.443678 0.560211;
DCT+Bessel+IDCT, on padded grid    ;64;300;3.55167e+07;8; 2.4254e-12 2.19715e-12 2.2251e-12 2.41182e-12 2.74596e-12 3.25049e-12 3.72125e-12 3.9577e-12 4.00392e-12 3.8902e-12 3.75865e-12 4.23712e-12 4.68663e-12 5.07986e-12 5.3902e-12 5.59368e-12 5.67079e-12 5.60816e-12 5.40251e-12 5.05682e-12 4.58361e-12 4.95937e-12 5.48136e-12 5.92137e-12 6.25192e-12 6.44224e-12 6.47389e-12 6.97862e-12 7.69488e-12 8.1993e-12;

