chebyshev interp, CPU Dense Matrix ;8;0.017;59878;16700.6;8; 0.707292;;0.666249;0.668746;0.674096;0.677217;0.672366;0.653949;0.615522;0.54762;0.641659;0.68225;0.694878;0.683022;0.671594;0.707292;0.69772;0.670477;0.697034;0.690951;0.697946;0.690985;
chebyshev interp, GPU Dense Matrix ;8;0.229;726828;1375.84;8; 0.707292;;0.666249;0.668746;0.674096;0.677217;0.672366;0.653949;0.615522;0.54762;0.641659;0.68225;0.694878;0.683022;0.671594;0.707292;0.69772;0.670477;0.697034;0.690951;0.697946;0.690985;
chebyshev interp, CPU Dense Matrix ;16;0.06;592977;1686.41;8; 0.0706496;;0.0706496;0.064883;0.0479108;0.0209512;0.023758;0.0484012;0.0633938;0.0456979;0.0404495;0.0443177;0.0659777;0.0488379;0.0435833;0.0490301;0.0548781;0.0451631;0.0545813;0.0547215;0.0460999;0.0562395;
chebyshev interp, GPU Dense Matrix ;16;0.062;944282;1059.01;8; 0.0706496;;0.0706496;0.064883;0.0479108;0.0209512;0.023758;0.0484012;0.0633938;0.0456979;0.0404495;0.0443177;0.0659777;0.0488379;0.0435833;0.0490301;0.0548781;0.0451631;0.0545813;0.0547215;0.0460999;0.0562395;
chebyshev interp, CPU Dense Matrix ;32;0.445;1.64641e+07;60.738;8; 5.81128e-05;;5.81128e-05;3.32391e-05;1.45528e-05;3.0352e-05;1.07568e-05;4.68234e-05;1.77649e-05;5.47638e-05;2.30949e-05;5.2187e-05;2.32254e-05;4.44054e-05;2.38735e-05;3.44269e-05;2.84855e-05;2.91008e-05;2.93332e-05;2.82544e-05;3.17447e-05;2.92622e-05;
chebyshev interp, GPU Dense Matrix ;32;0.722;2.71628e+06;368.15;8; 5.81128e-05;;5.81128e-05;3.32391e-05;1.45528e-05;3.0352e-05;1.07568e-05;4.68234e-05;1.77649e-05;5.47638e-05;2.30949e-05;5.2187e-05;2.32254e-05;4.44054e-05;2.38735e-05;3.44269e-05;2.84855e-05;2.91008e-05;2.93332e-05;2.82544e-05;3.17447e-05;2.92622e-05;
chebyshev interp, CPU Dense Matrix ;48;2.17;7.29791e+07;13.7026;8; 1.79482e-09;;1.79482e-09;2.52411e-10;7.66903e-10;6.89677e-10;3.0432e-10;1.00726e-09;1.3743e-09;5.99002e-10;6.72301e-10;1.45438e-09;1.32425e-09;6.93839e-10;7.14216e-10;7.18547e-10;7.6741e-10;6.92621e-10;7.10673e-10;7.50138e-10;7.72308e-10;7.75922e-10;
chebyshev interp, GPU Dense Matrix ;48;3.823;8.64089e+06;115.729;8; 1.79481e-09;;1.79481e-09;2.52411e-10;7.66903e-10;6.89677e-10;3.0432e-10;1.00726e-09;1.3743e-09;5.99003e-10;6.723e-10;1.45438e-09;1.32425e-09;6.93839e-10;7.14217e-10;7.18546e-10;7.6741e-10;6.92621e-10;7.10673e-10;7.50136e-10;7.72308e-10;7.75922e-10;
chebyshev interp, CPU Dense Matrix ;64;6.782;2.35838e+08;4.24019;8; 2.10715e-11;;4.45897e-15;6.14775e-12;3.64119e-12;4.94129e-12;4.94135e-12;8.43107e-12;7.30258e-12;4.72488e-12;8.97231e-12;5.82617e-12;1.55213e-11;1.15808e-11;1.33485e-11;1.10488e-11;7.03e-12;1.7569e-11;1.34686e-11;1.41658e-11;1.49541e-11;2.10715e-11;
chebyshev interp, GPU Dense Matrix ;64;21.913;1.60171e+07;62.4334;8; 2.10715e-11;;5.17815e-15;6.14774e-12;3.64122e-12;4.94131e-12;4.94131e-12;8.4311e-12;7.30262e-12;4.72496e-12;8.97256e-12;5.82624e-12;1.55216e-11;1.15806e-11;1.33492e-11;1.10487e-11;7.02963e-12;1.7569e-11;1.34692e-11;1.41661e-11;1.49541e-11;2.10715e-11;
linear interp, trapezoid rule, CPU ;8;0;1.85983e+07;53.7684;8; 0.64238;;0;0.487322;0.475568;0.446042;0.384529;0.273474;0.146592;0.222264;0.432318;0.458129;0.397692;0.452034;0.64238;0.53119;0.503657;0.391602;0.456431;0.479309;0.438327;0.505793;
linear interp, CPU Sparse Matrix   ;8;0.001;23883;41870.8;8; 0.642886;;7.84917e-06;0.487322;0.475733;0.446173;0.384628;0.273159;0.146205;0.222129;0.432316;0.457653;0.396001;0.451297;0.642886;0.532315;0.504024;0.392715;0.455299;0.478055;0.438324;0.506719;
linear interp, GPU Sparse Matrix   ;8;0.049;168986;5917.65;8; 0.642886;;7.84917e-06;0.487322;0.475733;0.446173;0.384628;0.273159;0.146205;0.222129;0.432316;0.457653;0.396001;0.451297;0.642886;0.532315;0.504024;0.392715;0.455299;0.478055;0.438324;0.506719;
bicubic interp, trapezoid rule, CPU;8;0;1.64906e+07;60.6408;8; 0.287668;;0;0.0218452;0.074169;0.133692;0.179836;0.197111;0.170022;0.0795346;0.149238;0.208547;0.242954;0.238303;0.218157;0.242594;0.215488;0.243474;0.287668;0.275869;0.239988;0.229083;
bicubic interp, CPU Sparse Matrix  ;8;0.008;259821;3848.8;8; 0.287668;;2.03617e-13;0.0218452;0.074169;0.133692;0.179836;0.197111;0.170022;0.0795346;0.149238;0.208547;0.242954;0.238303;0.218157;0.242594;0.215488;0.243474;0.287668;0.275869;0.239988;0.229083;
bicubic interp, GPU Sparse Matrix  ;8;0.032;307041;3256.89;8; 0.287668;;2.49089e-13;0.0218452;0.074169;0.133692;0.179836;0.197111;0.170022;0.0795346;0.149238;0.208547;0.242954;0.238303;0.218157;0.242594;0.215488;0.243474;0.287668;0.275869;0.239988;0.229083;
DCT+Bessel+IDCT                    ;8;0;13386;74704.9;8; 0.192179;;1.89244e-16;0.0141989;0.0497921;0.0908686;0.12163;0.130795;0.110879;0.055833;0.10661;0.161118;0.18128;0.167387;0.164713;0.185447;0.168005;0.162945;0.192179;0.183194;0.175711;0.16419;
DCT+Bessel+IDCT, on padded grid    ;8;0.006;298479;3350.32;8; 0.206338;;1.89244e-16;0.0142355;0.0499254;0.091127;0.122004;0.131234;0.111273;0.0559638;0.107629;0.163044;0.18379;0.170065;0.16779;0.188643;0.170444;0.173068;0.206338;0.199355;0.186296;0.174311;
linear interp, trapezoid rule, CPU ;16;0;7.1198e+07;14.0453;8; 0.255441;;0;0.255441;0.152319;0.0738491;0.227123;0.104168;0.173715;0.189451;0.158297;0.170252;0.155922;0.175169;0.168644;0.136791;0.212335;0.212644;0.172173;0.2031;0.209803;0.145998;
linear interp, CPU Sparse Matrix   ;16;0.031;55308;18080.6;8; 0.255537;;1.64805e-08;0.255537;0.152371;0.0740906;0.225848;0.103529;0.173559;0.187833;0.159464;0.168846;0.156286;0.173436;0.167644;0.133903;0.212328;0.211197;0.1727;0.202985;0.207415;0.143808;
linear interp, GPU Sparse Matrix   ;16;0.047;135874;7359.76;8; 0.255537;;1.64805e-08;0.255537;0.152371;0.0740906;0.225848;0.103529;0.173559;0.187833;0.159464;0.168846;0.156286;0.173436;0.167644;0.133903;0.212328;0.211197;0.1727;0.202985;0.207415;0.143808;
bicubic interp, trapezoid rule, CPU;16;0;7.87946e+07;12.6912;8; 0.0180164;;0;0.00585426;0.0126189;0.00880343;0.00538277;0.0130392;0.010561;0.0083268;0.0137097;0.00760684;0.0120399;0.0157221;0.00765668;0.0143897;0.0164301;0.00851866;0.0166989;0.0161529;0.00912216;0.0180164;
bicubic interp, CPU Sparse Matrix  ;16;0.079;1.16118e+06;861.191;8; 0.0180164;;3.0354e-14;0.00585427;0.0126189;0.00880343;0.00538277;0.0130392;0.010561;0.0083268;0.0137097;0.00760684;0.0120399;0.0157221;0.00765668;0.0143897;0.0164301;0.00851867;0.0166989;0.0161529;0.00912216;0.0180164;
bicubic interp, GPU Sparse Matrix  ;16;0.34;1.31604e+06;759.855;8; 0.0180164;;3.15084e-14;0.00585427;0.0126189;0.00880343;0.00538277;0.0130392;0.010561;0.0083268;0.0137097;0.00760684;0.0120399;0.0157221;0.00765668;0.0143897;0.0164301;0.00851867;0.0166989;0.0161529;0.00912216;0.0180164;
DCT+Bessel+IDCT                    ;16;0;82736;12086.6;8; 0.145615;;1.75902e-16;3.79908e-05;9.99088e-05;7.32069e-05;0.000102122;0.000308401;0.00022028;0.000302468;0.000556291;0.00032115;0.000512262;0.000688241;0.000366047;0.000687869;0.00200048;0.00542329;0.0143941;0.0341867;0.0743316;0.145615;
DCT+Bessel+IDCT, on padded grid    ;16;0.014;1.03054e+06;970.364;8; 0.00102013;;1.75902e-16;3.96406e-05;0.000104295;7.6405e-05;0.000107238;0.000323999;0.000228777;0.000329733;0.000608689;0.00033867;0.000571717;0.000774385;0.000405671;0.000743145;0.000867763;0.000470583;0.000912891;0.000896204;0.000466403;0.00102013;
linear interp, trapezoid rule, CPU ;32;0;2.78447e+08;3.59134;8; 0.111884;;0;0.0454286;0.0847381;0.05895;0.0242802;0.0499032;0.0718084;0.102268;0.0382392;0.0631259;0.0483141;0.0540193;0.0486725;0.0683141;0.0758535;0.0438799;0.0765167;0.111884;0.0479404;0.0747684;
linear interp, CPU Sparse Matrix   ;32;0.154;245471;4073.8;8; 0.111324;;7.43312e-10;0.0454423;0.084565;0.0579199;0.0245142;0.0494549;0.070858;0.103106;0.0382902;0.0625114;0.0486024;0.0534797;0.047906;0.0652207;0.0746335;0.0436757;0.0759417;0.111324;0.0448979;0.0737305;
linear interp, GPU Sparse Matrix   ;32;0.386;310127;3224.49;8; 0.111324;;7.43312e-10;0.0454423;0.084565;0.0579199;0.0245142;0.0494549;0.070858;0.103106;0.0382902;0.0625114;0.0486024;0.0534797;0.047906;0.0652207;0.0746335;0.0436757;0.0759417;0.111324;0.0448979;0.0737305;
bicubic interp, trapezoid rule, CPU;32;0.001;2.18093e+08;4.5852;8; 0.000834953;;0;0.000834953;0.000187425;0.000187901;0.00023776;0.000555111;0.000218996;0.000364961;0.000400632;0.000250904;0.000249212;0.000463369;0.000412928;0.000212845;0.000417685;0.000527529;0.000254192;0.000318589;0.000564464;0.000412214;
bicubic interp, CPU Sparse Matrix  ;32;0.634;7.714e+06;129.634;8; 0.000834954;;2.89624e-13;0.000834954;0.000187422;0.000187899;0.000237759;0.000555111;0.000219002;0.000364963;0.000400632;0.000250906;0.000249208;0.000463368;0.000412929;0.000212845;0.000417678;0.000527528;0.000254191;0.000318588;0.000564469;0.000412214;
bicubic interp, GPU Sparse Matrix  ;32;2.831;5.00608e+06;199.757;8; 0.000834954;;2.90184e-13;0.000834954;0.000187422;0.000187899;0.000237759;0.000555111;0.000219002;0.000364963;0.000400632;0.000250906;0.000249208;0.000463368;0.000412929;0.000212845;0.000417678;0.000527528;0.000254191;0.000318588;0.000564469;0.000412214;
DCT+Bessel+IDCT                    ;32;0.004;333956;2994.41;8; 0.334932;;2.2408e-16;9.26192e-12;3.30586e-11;2.53307e-10;2.17397e-09;1.8679e-08;1.3119e-07;7.82281e-07;4.12411e-06;1.94454e-05;8.1924e-05;0.000311078;0.00106643;0.00328373;0.00914628;0.0230795;0.0522854;0.107388;0.199463;0.334932;
DCT+Bessel+IDCT, on padded grid    ;32;0.039;4.62253e+06;216.332;8; 2.3079e-11;;2.98774e-16;5.85205e-12;5.13682e-12;4.81379e-12;3.93566e-12;6.75279e-12;1.06128e-11;5.21965e-12;7.0112e-12;1.29333e-11;1.1881e-11;7.47144e-12;1.29257e-11;1.1373e-11;7.59403e-12;1.12649e-11;1.81278e-11;1.79279e-11;1.78241e-11;2.3079e-11;
linear interp, trapezoid rule, CPU ;48;0;5.70298e+08;1.75347;8; 0.0563549;;0;0.0300012;0.036327;0.0375116;0.0352417;0.0350809;0.0375756;0.0245306;0.0250478;0.0206349;0.0185698;0.0244259;0.0336998;0.0427747;0.0546105;0.0563549;0.0223606;0.0371503;0.0434185;0.0468409;
linear interp, CPU Sparse Matrix   ;48;0.489;898333;1113.17;8; 0.0553422;;2.46752e-10;0.0301017;0.036735;0.0380999;0.0362168;0.0355868;0.038261;0.0251846;0.023645;0.0206632;0.0186327;0.0239679;0.0334435;0.0420003;0.0543055;0.0553422;0.0224321;0.0368978;0.0420997;0.043866;
linear interp, GPU Sparse Matrix   ;48;1.549;709952;1408.55;8; 0.0553422;;2.46752e-10;0.0301017;0.036735;0.0380999;0.0362168;0.0355868;0.038261;0.0251846;0.023645;0.0206632;0.0186327;0.0239679;0.0334435;0.0420003;0.0543055;0.0553422;0.0224321;0.0368978;0.0420997;0.043866;
bicubic interp, trapezoid rule, CPU;48;0;4.60059e+08;2.17363;8; 7.09552e-05;;0;7.09552e-05;4.94952e-05;1.4092e-05;2.59934e-05;5.19862e-05;4.26812e-05;3.87218e-05;4.73121e-05;5.39483e-05;5.77899e-05;5.84762e-05;5.58387e-05;5.23029e-05;4.57878e-05;3.8913e-05;3.57255e-05;3.4436e-05;3.38477e-05;3.73262e-05;
bicubic interp, CPU Sparse Matrix  ;48;2.422;2.43803e+07;41.0168;8; 7.09557e-05;;1.02051e-12;7.09557e-05;4.94965e-05;1.40921e-05;2.58447e-05;5.19877e-05;4.26638e-05;3.87225e-05;4.73119e-05;5.39483e-05;5.779e-05;5.84791e-05;5.58447e-05;5.23022e-05;4.57889e-05;3.89131e-05;3.57263e-05;3.4436e-05;3.38476e-05;3.73242e-05;
bicubic interp, GPU Sparse Matrix  ;48;10.817;1.17581e+07;85.0476;8; 7.09557e-05;;1.02032e-12;7.09557e-05;4.94965e-05;1.40921e-05;2.58447e-05;5.19877e-05;4.26638e-05;3.87225e-05;4.73119e-05;5.39483e-05;5.779e-05;5.84791e-05;5.58447e-05;5.23022e-05;4.57889e-05;3.89131e-05;3.57263e-05;3.4436e-05;3.38476e-05;3.73242e-05;
DCT+Bessel+IDCT                    ;48;0.01;1.05305e+06;949.622;8; 0.415177;;2.90461e-16;1.55802e-11;8.68612e-11;6.6855e-10;5.5391e-09;4.56432e-08;3.04751e-07;1.73466e-06;8.7116e-06;3.90618e-05;0.000157085;0.000568613;0.00185209;0.00544429;0.0144459;0.0346205;0.0749512;0.146677;0.259543;0.415177;
DCT+Bessel+IDCT, on padded grid    ;48;0.116;1.07295e+07;93.2006;8; 2.34059e-11;;2.90461e-16;4.45783e-12;4.3704e-12;4.98218e-12;6.11372e-12;7.79287e-12;8.87433e-12;9.29628e-12;9.29859e-12;8.99953e-12;8.46956e-12;7.77507e-12;6.95121e-12;6.05753e-12;5.7118e-12;9.63435e-12;1.37028e-11;1.81786e-11;1.67222e-11;2.34059e-11;
linear interp, trapezoid rule, CPU ;64;0;9.19169e+08;1.08794;8; 0.0318002;;0;0.0227317;0.00426899;0.0254641;0.00525327;0.0183359;0.0130571;0.0267417;0.0174628;0.023396;0.0211748;0.0145949;0.0201691;0.0112484;0.0197628;0.0178295;0.0318002;0.0260988;0.0181847;0.0274748;
linear interp, CPU Sparse Matrix   ;64;1.116;3.87352e+06;258.163;8; 0.0308992;;1.33965e-10;0.022724;0.00420942;0.0255703;0.00527673;0.0184843;0.0130644;0.0270144;0.0173872;0.0231568;0.0209685;0.0140123;0.0190001;0.0106944;0.0196568;0.0182016;0.0308992;0.0262147;0.0176499;0.0264961;
linear interp, GPU Sparse Matrix   ;64;3.363;1.7329e+06;577.069;8; 0.0308992;;1.33965e-10;0.022724;0.00420942;0.0255703;0.00527673;0.0184843;0.0130644;0.0270144;0.0173872;0.0231568;0.0209685;0.0140123;0.0190001;0.0106944;0.0196568;0.0182016;0.0308992;0.0262147;0.0176499;0.0264961;
bicubic interp, trapezoid rule, CPU;64;0.003;7.30546e+08;1.36884;8; 2.09602e-05;;0;2.09602e-05;2.01961e-05;3.58438e-06;1.15027e-05;1.20401e-05;1.78032e-05;1.11159e-05;1.2226e-05;1.17111e-05;8.60708e-06;1.45815e-05;8.09577e-06;1.58936e-05;9.77248e-06;1.44072e-05;1.36699e-05;1.07816e-05;1.67313e-05;9.49424e-06;
bicubic interp, CPU Sparse Matrix  ;64;5.61;5.44641e+07;18.3607;8; 2.09609e-05;;3.91111e-12;2.09609e-05;2.01963e-05;3.58493e-06;1.15034e-05;1.20423e-05;1.78036e-05;1.11158e-05;1.0314e-05;1.17122e-05;8.60642e-06;1.45339e-05;8.09675e-06;1.58943e-05;9.77254e-06;1.44083e-05;1.37407e-05;1.07807e-05;1.67326e-05;9.49497e-06;
bicubic interp, GPU Sparse Matrix  ;64;25.452;2.36606e+07;42.2643;8; 2.09609e-05;;3.91051e-12;2.09609e-05;2.01963e-05;3.58493e-06;1.15034e-05;1.20423e-05;1.78036e-05;1.11158e-05;1.0314e-05;1.17122e-05;8.60642e-06;1.45339e-05;8.09675e-06;1.58943e-05;9.77254e-06;1.44083e-05;1.37407e-05;1.07807e-05;1.67326e-05;9.49497e-06;
DCT+Bessel+IDCT                    ;64;0.02;1.63906e+06;610.104;8; 0.457358;;4.31513e-16;2.2777e-11;1.40894e-10;1.07058e-09;8.69656e-09;7.01125e-08;4.57307e-07;2.54139e-06;1.24668e-05;5.45628e-05;0.000214283;0.000757034;0.00240938;0.00691697;0.0179207;0.0419346;0.0886671;0.169445;0.292735;0.457358;
DCT+Bessel+IDCT, on padded grid    ;64;0.195;2.35188e+07;42.5192;8; 2.10729e-11;;2.87675e-16;6.14775e-12;3.64109e-12;4.94097e-12;4.94053e-12;8.43168e-12;7.30215e-12;4.72429e-12;8.97235e-12;5.82478e-12;1.5522e-11;1.15774e-11;1.33492e-11;1.10452e-11;7.02827e-12;1.75659e-11;1.34695e-11;1.4164e-11;1.49523e-11;2.10729e-11;
linear interp, trapezoid rule, CPU ;96;0;2.13595e+09;0.468176;8; 0.0246028;;0;0.0108817;0.0129789;0.0105624;0.00381377;0.00835882;0.0212455;0.00488553;0.00986667;0.00912878;0.0056797;0.00636788;0.0143722;0.00776941;0.0110638;0.0131208;0.00939745;0.00550619;0.0134585;0.0246028;
linear interp, CPU Sparse Matrix   ;96;4.092;1.53607e+07;65.1011;8; 0.0244551;;6.58255e-11;0.010951;0.0130798;0.0106609;0.00382932;0.00846409;0.0209359;0.00467957;0.00996472;0.00921953;0.0054939;0.00621194;0.0143481;0.00787161;0.011227;0.0124321;0.00868131;0.00529466;0.0130214;0.0244551;
linear interp, GPU Sparse Matrix   ;96;11.669;4.76478e+06;209.873;8; 0.0244551;;6.58255e-11;0.010951;0.0130798;0.0106609;0.00382932;0.00846409;0.0209359;0.00467957;0.00996472;0.00921953;0.0054939;0.00621194;0.0143481;0.00787161;0.011227;0.0124321;0.00868131;0.00529466;0.0130214;0.0244551;
bicubic interp, trapezoid rule, CPU;96;0.006;1.36468e+09;0.732773;8; 3.53593e-06;;0;3.06829e-06;2.10864e-06;8.96065e-07;1.88045e-06;3.53593e-06;3.16155e-06;1.71939e-06;1.53789e-06;1.69566e-06;2.1751e-06;2.33389e-06;2.05602e-06;1.66272e-06;1.7433e-06;1.87619e-06;2.4816e-06;2.70378e-06;2.33202e-06;1.85754e-06;
bicubic interp, CPU Sparse Matrix  ;96;20.898;1.67118e+08;5.98381;8; 3.53629e-06;;1.66776e-11;3.07148e-06;2.10858e-06;7.78478e-07;1.88109e-06;3.53629e-06;3.16205e-06;1.70095e-06;1.53804e-06;1.69539e-06;2.17522e-06;2.33508e-06;2.05571e-06;1.54584e-06;1.44487e-06;1.87681e-06;2.47876e-06;2.70585e-06;2.45956e-06;1.85911e-06;
bicubic interp, GPU Sparse Matrix  ;96;94.858;6.27299e+07;15.9414;8; 3.53629e-06;;1.66777e-11;3.07148e-06;2.10858e-06;7.78478e-07;1.88109e-06;3.53629e-06;3.16205e-06;1.70095e-06;1.53804e-06;1.69539e-06;2.17522e-06;2.33508e-06;2.05571e-06;1.54584e-06;1.44487e-06;1.87681e-06;2.47876e-06;2.70585e-06;2.45956e-06;1.85911e-06;
DCT+Bessel+IDCT                    ;96;0.044;4.5479e+06;219.882;8; 0.50042;;2.85733e-16;3.54976e-11;2.27331e-10;1.69783e-09;1.35081e-08;1.06513e-07;6.78747e-07;3.68452e-06;1.76497e-05;7.54749e-05;0.000289555;0.000999206;0.00310651;0.00871104;0.0220473;0.050395;0.10408;0.194287;0.327893;0.50042;
DCT+Bessel+IDCT, on padded grid    ;96;0.44;5.96934e+07;16.7523;8; 2.02081e-11;;4.28599e-16;4.40581e-12;4.26289e-12;4.45072e-12;5.08462e-12;4.43802e-12;3.92816e-12;8.92213e-12;8.2303e-12;1.36626e-11;1.16828e-11;9.3119e-12;6.76677e-12;6.40711e-12;1.63913e-11;1.38036e-11;1.1904e-11;1.3011e-11;2.02081e-11;1.29086e-11;
chebyshev interp, CPU Dense Matrix ;8;0.009;35958;27810.2;4; 0.707292;;0.666249;0.668746;0.674096;0.677217;0.672367;0.653949;0.615522;0.54762;0.641659;0.68225;0.694878;0.683023;0.671594;0.707292;0.69772;0.670478;0.697034;0.690952;0.697946;0.690986;
chebyshev interp, GPU Dense Matrix ;8;0.061;697175;1434.36;4; 0.707292;;0.666249;0.668746;0.674096;0.677217;0.672367;0.653949;0.615522;0.54762;0.641659;0.68225;0.694878;0.683023;0.671594;0.707292;0.69772;0.670478;0.697034;0.690951;0.697946;0.690986;
chebyshev interp, CPU Dense Matrix ;16;0.046;325522;3071.99;4; 0.0706495;;0.0706495;0.0648831;0.0479108;0.0209511;0.0237581;0.0484011;0.0633937;0.0456982;0.0404505;0.044318;0.0659778;0.0488385;0.043583;0.0490303;0.0548784;0.045163;0.0545816;0.0547218;0.0461;0.0562397;
chebyshev interp, GPU Dense Matrix ;16;0.041;850945;1175.16;4; 0.0706496;;0.0706496;0.0648831;0.0479108;0.0209511;0.0237581;0.0484011;0.0633939;0.0456981;0.0404507;0.044318;0.0659779;0.0488385;0.0435829;0.0490303;0.0548783;0.045163;0.0545815;0.0547217;0.0460999;0.0562397;
chebyshev interp, CPU Dense Matrix ;32;0.298;8.42362e+06;118.714;4; 5.80257e-05;;5.80257e-05;3.34054e-05;1.48456e-05;3.01137e-05;1.08951e-05;4.68941e-05;1.79371e-05;5.48657e-05;2.32551e-05;5.26225e-05;2.4407e-05;4.4293e-05;2.39842e-05;3.45039e-05;2.86666e-05;2.92409e-05;2.95209e-05;2.84126e-05;3.21861e-05;2.94178e-05;
chebyshev interp, GPU Dense Matrix ;32;0.47;2.38393e+06;419.475;4; 5.81059e-05;;5.81059e-05;3.32369e-05;1.46014e-05;3.04261e-05;1.09392e-05;4.68276e-05;1.79704e-05;5.46449e-05;2.32219e-05;5.25438e-05;2.44988e-05;4.42863e-05;2.39842e-05;3.44256e-05;2.85046e-05;2.90546e-05;2.94677e-05;2.82907e-05;3.18363e-05;2.91767e-05;
chebyshev interp, CPU Dense Matrix ;48;1.757;3.54485e+07;28.2099;4; 2.47749e-06;;3.89849e-07;6.56165e-07;7.63843e-07;5.53499e-07;7.89065e-07;7.98323e-07;1.06544e-06;1.32472e-06;1.39519e-06;2.43473e-06;2.47749e-06;2.0228e-06;1.5343e-06;1.27016e-06;1.13363e-06;1.20677e-06;1.17007e-06;9.1458e-07;8.39614e-07;1.0448e-06;
chebyshev interp, GPU Dense Matrix ;48;2.677;6.45653e+06;154.882;4; 2.38573e-06;;1.5594e-07;2.46062e-07;1.90961e-07;3.07499e-07;7.01391e-07;3.32634e-07;1.15422e-06;1.26953e-06;1.19588e-06;2.27765e-06;2.38573e-06;1.49049e-06;1.35018e-06;1.1996e-06;8.90706e-07;8.35456e-07;7.44591e-07;6.70692e-07;6.29711e-07;4.82215e-07;
chebyshev interp, CPU Dense Matrix ;64;5.641;1.19385e+08;8.37628;4; 2.47729e-06;;6.17778e-07;8.94002e-07;6.63215e-07;8.56393e-07;8.74934e-07;7.31659e-07;1.24326e-06;1.32473e-06;1.59497e-06;1.88467e-06;2.47729e-06;2.02154e-06;1.71838e-06;1.62314e-06;1.13361e-06;1.39224e-06;1.4892e-06;9.75564e-07;9.09417e-07;1.04479e-06;
chebyshev interp, GPU Dense Matrix ;64;21.612;1.15144e+07;86.8475;4; 2.20203e-06;;1.54444e-07;1.62546e-07;1.8949e-07;3.67026e-07;5.2496e-07;5.32115e-07;7.10432e-07;1.32473e-06;1.66143e-06;1.80614e-06;2.20203e-06;1.80874e-06;1.4729e-06;1.27028e-06;8.90696e-07;1.02098e-06;7.44598e-07;6.09728e-07;6.99552e-07;4.82211e-07;
chebyshev interp, CPU Dense Matrix ;96;37.052;6.10218e+08;1.63876;4; 2.8129e-06;;6.90307e-07;6.46009e-07;5.65388e-07;6.0941e-07;9.6105e-07;7.9803e-07;1.15447e-06;1.32475e-06;1.79378e-06;2.74833e-06;2.47729e-06;2.02146e-06;1.71837e-06;1.62303e-06;1.53848e-06;1.94913e-06;2.07412e-06;2.19486e-06;2.72823e-06;2.8129e-06;
chebyshev interp, GPU Dense Matrix ;96;120.517;5.22939e+07;19.1227;4; 2.66981e-06;;2.30102e-07;2.42253e-07;1.88463e-07;4.87528e-07;8.73681e-07;4.65518e-07;1.11007e-06;1.21436e-06;1.72735e-06;2.66981e-06;2.66079e-06;2.02146e-06;1.59563e-06;1.48189e-06;1.53848e-06;1.62428e-06;1.86139e-06;2.01196e-06;2.27352e-06;2.5718e-06;
linear interp, trapezoid rule, CPU ;8;0;8.05254e+06;124.184;4; 0.642378;;0;0.487324;0.476064;0.446437;0.384827;0.273788;0.146979;0.222723;0.432537;0.45844;0.397693;0.452036;0.642378;0.53119;0.503898;0.391602;0.456431;0.479309;0.438327;0.505794;
linear interp, CPU Sparse Matrix   ;8;0.002;26286;38043.1;4; 0.642887;;7.84917e-06;0.487322;0.475733;0.446173;0.384628;0.273159;0.146205;0.222129;0.432316;0.457653;0.396001;0.451297;0.642887;0.532315;0.504024;0.392714;0.4553;0.478056;0.438325;0.50672;
linear interp, GPU Sparse Matrix   ;8;0.008;85805;11654.3;4; 0.642887;;7.84917e-06;0.487322;0.475733;0.446173;0.384628;0.273159;0.146205;0.222129;0.432316;0.457653;0.396001;0.451297;0.642887;0.532315;0.504024;0.392714;0.4553;0.478056;0.438325;0.50672;
bicubic interp, trapezoid rule, CPU;8;0;7.01124e+06;142.628;4; 0.287676;;0;0.0218451;0.0741689;0.133692;0.179836;0.197111;0.170022;0.0795347;0.149241;0.208544;0.242963;0.238313;0.218164;0.24258;0.215476;0.24348;0.287676;0.27586;0.239987;0.229091;
bicubic interp, CPU Sparse Matrix  ;8;0.008;166271;6014.28;4; 0.288385;;8.63123e-05;0.0218452;0.074169;0.133692;0.179836;0.197111;0.170023;0.0795329;0.149219;0.208537;0.243038;0.238236;0.218257;0.243249;0.215468;0.243557;0.288385;0.275814;0.241365;0.228144;
bicubic interp, GPU Sparse Matrix  ;8;0.03;233804;4277.09;4; 0.288368;;8.46867e-05;0.0218452;0.0741685;0.133692;0.179836;0.197111;0.170023;0.0795311;0.14923;0.208562;0.243042;0.238268;0.218249;0.24325;0.215469;0.24358;0.288368;0.275806;0.241369;0.228163;
DCT+Bessel+IDCT                    ;8;0;9392;106474;4; 0.19218;;5.08613e-08;0.014199;0.0497922;0.0908687;0.12163;0.130795;0.110879;0.0558331;0.10661;0.161118;0.18128;0.167387;0.164713;0.185447;0.168005;0.162945;0.19218;0.183194;0.175711;0.164191;
DCT+Bessel+IDCT, on padded grid    ;8;0.006;291147;3434.69;4; 0.206338;;1.01599e-07;0.0142356;0.0499255;0.0911271;0.122004;0.131234;0.111273;0.0559639;0.107629;0.163045;0.183791;0.170065;0.16779;0.188643;0.170444;0.173068;0.206338;0.199356;0.186297;0.174311;
linear interp, trapezoid rule, CPU ;16;0;3.41331e+07;29.2971;4; 0.25573;;0;0.25573;0.152478;0.0740458;0.227457;0.104215;0.173716;0.19002;0.158344;0.170253;0.155923;0.17517;0.168645;0.136797;0.212335;0.212644;0.172174;0.203101;0.209803;0.145998;
linear interp, CPU Sparse Matrix   ;16;0.014;30580;32701.1;4; 0.255537;;1.47557e-07;0.255537;0.152371;0.0740904;0.225848;0.10353;0.173559;0.187833;0.159464;0.168846;0.156287;0.173437;0.167645;0.133903;0.212329;0.211199;0.172701;0.202986;0.207418;0.143813;
linear interp, GPU Sparse Matrix   ;16;0.039;111178;8994.59;4; 0.255537;;1.50508e-07;0.255537;0.152371;0.0740905;0.225848;0.10353;0.173559;0.187833;0.159464;0.168846;0.156287;0.173437;0.167645;0.133903;0.212329;0.211199;0.172701;0.202986;0.207418;0.143813;
bicubic interp, trapezoid rule, CPU;16;0;3.16951e+07;31.5507;4; 0.0180255;;0;0.00585491;0.0126195;0.00880321;0.00538827;0.0130493;0.0105781;0.00832914;0.0137154;0.00761012;0.0120517;0.0157279;0.00766227;0.0144013;0.0164388;0.00852541;0.0167071;0.0161638;0.00912863;0.0180255;
bicubic interp, CPU Sparse Matrix  ;16;0.065;962364;1039.11;4; 0.0466695;;2.45618e-05;0.00585521;0.0126198;0.00880369;0.00538791;0.0130493;0.0105703;0.008334;0.01373;0.00774454;0.0124091;0.015729;0.00802133;0.0147599;0.0168105;0.011834;0.0180694;0.0198121;0.0389646;0.0466695;
bicubic interp, GPU Sparse Matrix  ;16;0.27;890688;1122.73;4; 0.0466691;;2.90947e-05;0.00585511;0.0126195;0.00880321;0.00538754;0.0130494;0.010569;0.00833963;0.0137213;0.00774273;0.0124097;0.0157255;0.008023;0.0147599;0.0168109;0.0118353;0.0180695;0.0198114;0.0389644;0.0466691;
DCT+Bessel+IDCT                    ;16;0;83294;12005.7;4; 0.145615;;9.44364e-08;3.80349e-05;9.99463e-05;7.32407e-05;0.000102185;0.000308501;0.000220503;0.000302853;0.000556882;0.00032146;0.00051243;0.000688208;0.000366229;0.000687909;0.00200044;0.00542329;0.014394;0.0341867;0.0743315;0.145615;
DCT+Bessel+IDCT, on padded grid    ;16;0.017;1.0106e+06;989.507;4; 0.00102034;;9.44364e-08;3.96586e-05;0.000104318;7.64452e-05;0.000107259;0.000324074;0.000228855;0.000330083;0.000609215;0.000338843;0.000571893;0.000774234;0.00040607;0.000743318;0.000867928;0.000470492;0.000913209;0.000896223;0.000466621;0.00102034;
linear interp, trapezoid rule, CPU ;32;0;1.22857e+08;8.13954;4; 0.111884;;0;0.0454696;0.0848173;0.0590833;0.0243671;0.0501612;0.0721106;0.102287;0.0382418;0.0631407;0.0483147;0.0540187;0.0486733;0.0683141;0.0758538;0.0438808;0.0765168;0.111884;0.0479404;0.0747686;
linear interp, CPU Sparse Matrix   ;32;0.109;206648;4839.15;4; 0.111325;;4.31083e-07;0.0454423;0.0845649;0.05792;0.0245144;0.0494547;0.0708581;0.103106;0.0382902;0.0625119;0.0486033;0.0534798;0.0479058;0.0652212;0.0746341;0.043676;0.0759417;0.111325;0.0448985;0.07373;
linear interp, GPU Sparse Matrix   ;32;0.31;210483;4750.98;4; 0.111325;;4.31083e-07;0.0454423;0.0845649;0.05792;0.0245145;0.0494548;0.0708581;0.103106;0.0382903;0.0625116;0.0486028;0.0534796;0.0479059;0.0652213;0.0746337;0.0436763;0.0759414;0.111325;0.0448985;0.0737301;
bicubic interp, trapezoid rule, CPU;32;0;1.22513e+08;8.16238;4; 0.000834755;;0;0.000834755;0.000186351;0.000191428;0.000275685;0.000573771;0.00026324;0.000500249;0.000418126;0.000265178;0.000250034;0.000473558;0.000424888;0.000228171;0.000419958;0.000528291;0.00025489;0.000332598;0.000558919;0.000412814;
bicubic interp, CPU Sparse Matrix  ;32;0.509;5.18197e+06;192.977;4; 0.0360616;;0.000143531;0.000834924;0.000186547;0.000190866;0.000275508;0.000573505;0.000263774;0.000503395;0.000429488;0.000634577;0.000806831;0.00189985;0.00271295;0.00325377;0.00674876;0.0107323;0.00908407;0.016324;0.0269384;0.0360616;
bicubic interp, GPU Sparse Matrix  ;32;2.249;3.60407e+06;277.464;4; 0.0360623;;0.000143455;0.000834755;0.000186449;0.000191241;0.00027542;0.000574569;0.000261817;0.000503892;0.000436797;0.00063431;0.00080534;0.00190064;0.00271304;0.00325327;0.0067473;0.0107322;0.00908418;0.016322;0.0269383;0.0360623;
DCT+Bessel+IDCT                    ;32;0.004;303227;3297.86;4; 0.334932;;1.60403e-07;2.52752e-07;1.95337e-07;1.8743e-07;6.17534e-07;3.32582e-07;5.56016e-07;1.43512e-06;4.19618e-06;1.95582e-05;8.19323e-05;0.000311208;0.00106642;0.00328371;0.00914636;0.0230795;0.0522854;0.107388;0.199463;0.334932;
DCT+Bessel+IDCT, on padded grid    ;32;0.037;3.81857e+06;261.878;4; 2.11038e-06;;1.60403e-07;1.68501e-07;1.95337e-07;1.56192e-07;7.05753e-07;3.99099e-07;7.117e-07;1.37992e-06;9.96647e-07;1.33769e-06;2.11038e-06;1.32992e-06;9.53216e-07;6.35081e-07;8.09791e-07;7.4499e-07;8.51052e-07;4.8777e-07;4.89789e-07;4.01883e-07;
linear interp, trapezoid rule, CPU ;48;0;2.57009e+08;3.89092;4; 0.0563553;;0;0.0300379;0.0362674;0.0374298;0.03537;0.0352624;0.037762;0.0246989;0.0252482;0.0205853;0.0185703;0.0244274;0.0337004;0.0427751;0.0546111;0.0563553;0.0223607;0.0371502;0.0434185;0.0468411;
linear interp, CPU Sparse Matrix   ;48;0.387;685500;1458.79;4; 0.0553371;;9.064e-07;0.0301018;0.036735;0.0381003;0.0362167;0.0355869;0.0382611;0.0251847;0.023645;0.0206633;0.0186331;0.0239685;0.0334437;0.0420005;0.0543067;0.0553371;0.0224332;0.0368984;0.0420998;0.0438666;
linear interp, GPU Sparse Matrix   ;48;1.093;424030;2358.32;4; 0.0553368;;9.064e-07;0.0301018;0.036735;0.0381002;0.0362166;0.0355869;0.038261;0.0251848;0.0236449;0.0206632;0.0186329;0.0239684;0.0334437;0.0420006;0.0543067;0.0553368;0.0224331;0.0368984;0.0420999;0.0438667;
bicubic interp, trapezoid rule, CPU;48;0;2.95716e+08;3.38163;4; 0.000822911;;0;0.000337659;0.00023419;0.000204364;0.000275208;0.000388517;0.000422933;0.000661975;0.000714437;0.000641787;0.000738681;0.000691692;0.000750294;0.000777454;0.000822911;0.000756007;0.000528739;0.000447626;0.000416379;0.000532486;
bicubic interp, CPU Sparse Matrix  ;48;1.996;1.81951e+07;54.96;4; 0.0204754;;0.00109436;0.000337454;0.000230275;0.000204364;0.000275121;0.000389714;0.000424398;0.000663299;0.000715965;0.000641866;0.00108547;0.0012055;0.00225918;0.00262167;0.0042762;0.00535036;0.00935934;0.0153148;0.0168413;0.0204754;
bicubic interp, GPU Sparse Matrix  ;48;8.135;8.39618e+06;119.102;4; 0.0204733;;0.00109422;0.000337269;0.000229941;0.000203934;0.000274156;0.000389581;0.000424709;0.000664293;0.000713208;0.0006465;0.00108516;0.00120611;0.00225962;0.0026222;0.00427436;0.00535168;0.00935945;0.0153152;0.0168471;0.0204733;
DCT+Bessel+IDCT                    ;48;0.01;1.02482e+06;975.777;4; 0.415178;;1.5594e-07;2.46062e-07;1.90961e-07;2.45999e-07;5.26044e-07;3.99161e-07;1.10983e-06;1.66776e-06;8.69429e-06;3.90124e-05;0.000157099;0.000568665;0.00185213;0.00544437;0.0144459;0.0346206;0.0749514;0.146677;0.259543;0.415178;
DCT+Bessel+IDCT, on padded grid    ;48;0.122;8.49254e+06;117.75;4; 2.47749e-06;;1.5594e-07;2.46062e-07;1.90961e-07;1.845e-07;6.13717e-07;4.65688e-07;1.06544e-06;1.26953e-06;1.39519e-06;2.43473e-06;2.47749e-06;1.43725e-06;1.41155e-06;1.27016e-06;1.05265e-06;8.35456e-07;7.44591e-07;5.48748e-07;6.29711e-07;5.62584e-07;
linear interp, trapezoid rule, CPU ;64;0;4.3354e+08;2.30659;4; 0.0318005;;0;0.0227501;0.00428404;0.0254066;0.00524199;0.0184738;0.0132241;0.0267467;0.0175376;0.023397;0.0211773;0.0145958;0.020169;0.0112487;0.0197633;0.0178295;0.0318005;0.026099;0.0181851;0.0274752;
linear interp, CPU Sparse Matrix   ;64;0.886;2.13993e+06;467.304;4; 0.0308995;;1.53479e-06;0.0227242;0.00420928;0.0255705;0.00527699;0.0184846;0.0130649;0.0270132;0.0173877;0.0231575;0.0209688;0.0140131;0.0190009;0.0106963;0.0196576;0.0182029;0.0308995;0.0262175;0.0176511;0.0264969;
linear interp, GPU Sparse Matrix   ;64;2.815;840254;1190.12;4; 0.0308994;;1.53479e-06;0.0227241;0.00420933;0.0255705;0.00527686;0.0184847;0.0130648;0.0270133;0.0173877;0.0231571;0.0209689;0.0140129;0.019001;0.0106961;0.0196573;0.0182026;0.0308994;0.0262176;0.0176513;0.0264972;
bicubic interp, trapezoid rule, CPU;64;0;5.23454e+08;1.91039;4; 0.00218849;;0;0.000696895;0.000626466;0.000432295;0.000703272;0.000765248;0.00127789;0.00133787;0.00148668;0.00218849;0.00188937;0.00157534;0.00129727;0.00125511;0.00126231;0.00103982;0.00129259;0.000929404;0.00132156;0.000923937;
bicubic interp, CPU Sparse Matrix  ;64;3.861;4.03312e+07;24.7947;4; 0.0188661;;0.00143727;0.00069661;0.000626785;0.00043205;0.000702222;0.000765448;0.00127878;0.00134571;0.00149266;0.00220296;0.00189778;0.00158938;0.00143554;0.00314473;0.00375097;0.00524248;0.00978474;0.0108653;0.0157674;0.0188661;
bicubic interp, GPU Sparse Matrix  ;64;19.961;1.64706e+07;60.7142;4; 0.0188666;;0.00143678;0.000696275;0.000627093;0.000432112;0.000701609;0.000769439;0.00127931;0.00134488;0.00149844;0.0021957;0.00189384;0.00158902;0.00143734;0.00314287;0.00375078;0.00523988;0.00978389;0.0108648;0.0157662;0.0188666;
DCT+Bessel+IDCT                    ;64;0.019;1.34551e+06;743.213;4; 0.457359;;1.54444e-07;2.43819e-07;2.84235e-07;3.05855e-07;5.2496e-07;5.32115e-07;7.10432e-07;2.67467e-06;1.24506e-05;5.45863e-05;0.000214404;0.00075708;0.0024094;0.00691693;0.0179207;0.0419346;0.0886671;0.169445;0.292735;0.457359;
DCT+Bessel+IDCT, on padded grid    ;64;0.169;1.82452e+07;54.8089;4; 2.20203e-06;;1.54444e-07;1.62546e-07;3.7898e-07;2.44684e-07;4.37467e-07;4.65601e-07;7.10432e-07;1.32473e-06;1.52851e-06;1.72761e-06;2.20203e-06;1.75554e-06;1.59564e-06;1.19971e-06;9.71669e-07;9.2816e-07;7.44598e-07;6.09728e-07;5.59641e-07;4.01843e-07;
linear interp, trapezoid rule, CPU ;96;0;1.05686e+09;0.946196;4; 0.0246008;;0;0.0108676;0.0129543;0.0105265;0.00387836;0.00840685;0.0212307;0.00495302;0.00988747;0.00914088;0.00568144;0.00636952;0.0143727;0.0160649;0.0110637;0.0131211;0.00939791;0.00550594;0.0134573;0.0246008;
linear interp, CPU Sparse Matrix   ;96;3.982;9.7726e+06;102.327;4; 0.0244561;;3.33648e-06;0.0109508;0.0130799;0.0106607;0.00382952;0.00846504;0.0209355;0.00468046;0.00996514;0.00922082;0.00549427;0.00621249;0.0143487;0.00787182;0.011228;0.0124331;0.00868175;0.00529432;0.0130203;0.0244561;
linear interp, GPU Sparse Matrix   ;96;9.49;3.10974e+06;321.571;4; 0.024456;;3.33648e-06;0.0109508;0.01308;0.0106608;0.00382943;0.00846484;0.0209357;0.00468002;0.00996501;0.00922003;0.00549399;0.00621238;0.0143488;0.00787196;0.0112277;0.0124333;0.00868133;0.00529413;0.0130201;0.024456;
bicubic interp, trapezoid rule, CPU;96;0.001;1.20885e+09;0.827236;4; 0.00888951;;0;0.00303303;0.00144596;0.00204261;0.00289053;0.00511345;0.0081565;0.00373878;0.00606492;0.00713648;0.00779285;0.00811765;0.00814054;0.00615101;0.00444079;0.00570716;0.00600589;0.00706385;0.00810064;0.00888951;
bicubic interp, CPU Sparse Matrix  ;96;15.711;1.34895e+08;7.41315;4; 0.0513961;;0.0119;0.00303334;0.00145583;0.00205735;0.00289704;0.00512781;0.00815871;0.00376544;0.00607591;0.00712506;0.00780869;0.00809536;0.00811824;0.00620922;0.00663053;0.00743414;0.0112448;0.0191818;0.0265784;0.0513961;
bicubic interp, GPU Sparse Matrix  ;96;70.841;4.24987e+07;23.5301;4; 0.0513952;;0.0118998;0.00303342;0.00145651;0.00205658;0.00289534;0.00512801;0.00815445;0.00376362;0.00608555;0.00713568;0.00781532;0.0080993;0.0081233;0.00620947;0.00663154;0.00743473;0.0112455;0.0191798;0.0265749;0.0513952;
DCT+Bessel+IDCT                    ;96;0.043;3.91119e+06;255.677;4; 0.500425;;1.53402e-07;2.42253e-07;2.82694e-07;5.48469e-07;7.86313e-07;5.3202e-07;1.06566e-06;3.73477e-06;1.76925e-05;7.54858e-05;0.000289579;0.000999263;0.00310664;0.0087113;0.0220479;0.0503961;0.104082;0.19429;0.327897;0.500425;
DCT+Bessel+IDCT, on padded grid    ;96;0.465;4.45319e+07;22.4558;4; 2.66981e-06;;1.53402e-07;2.42253e-07;1.88463e-07;4.87528e-07;7.86313e-07;5.98523e-07;1.15447e-06;1.10396e-06;1.72735e-06;2.66981e-06;2.66079e-06;2.02146e-06;1.59563e-06;1.55246e-06;1.45751e-06;1.57787e-06;1.80821e-06;2.01196e-06;2.3085e-06;2.53161e-06;
